55
21
3
3
81
146
100
89
98
92
92
90
89
87
85
88
87
86
85
87
86
86
86
87
87
87
87
87
177
193
198
201
200
190
176
165
163
157
153
158
164
165
81
77
82
83
84
85
85
85
85
86
85
183
189
185
181
162
157
155
158
149
146
141
134
136
73
70
73
74
76
76
78
78
79
79
79
157
166
160
165
166
163
169
171
157
160
168
168
173
74
73
74
79
80
81
83
83
83
87
86
241
252
255
225
242
243
240
241
229
231
239
251
252
87
89
89
93
95
96
97
95
100
97
101
290
296
308
317
309
294
267
244
235
225
232
244
246
96
91
92
97
95
95
99
96
96
95
95
97
97
94
96
93
95
92
94
91
90
89
89
87
87
86
87
86
87
88
88
87
87
87
87
89
88
91
88
87
86
87
86
87
83
88
86
85
88
86
88
87
88
86
87
87
87
86
185
186
186
184
186
169
128
55
122
117
80
83
85
87
44
39
38
40
41
41
42
42
43
44
43
86
96
103
106
106
114
139
135
122
127
134
130
119
47
43
44
45
46
45
46
47
47
47
48
100
115
127
145
176
160
155
168
153
156
137
131
118
59
56
56
57
56
56
59
59
60
60
61
107
123
134
143
139
135
126
120
110
105
114
125
126
62
60
60
61
62
63
63
63
64
63
63
113
126
134
154
148
143
145
143
144
140
138
147
142
71
61
60
63
65
68
67
69
70
63
67
68
69
69
67
64
64
61
57
60
53
61
60
61
62
62
62
63
61
63
62
62
63
63
63
64
68
69
66
67
63
60
58
53
50
51
54
60
61
66
66
68
70
69
70
69
70
72
136
161
189
190
193
190
186
168
165
145
139
144
153
145
67
64
68
70
71
69
70
71
71
71
71
144
164
197
185
181
172
176
177
168
164
168
167
161
68
63
63
64
64
64
63
63
62
63
64
124
137
143
165
147
145
146
155
147
141
141
143
138
65
61
62
62
62
63
61
62
62
62
61
115
129
144
155
151
139
148
131
123
119
115
111
111
61
54
55
58
55
56
56
56
56
56
56
97
110
123
134
128
119
108
105
91
85
83
98
99
52
50
52
56
57
57
56
57
55
55
54
56
56
56
56
56
56
56
56
57
56
59
58
57
59
58
61
58
59
60
61
59
60
60
59
59
59
58
59
57
57
56
55
54
54
57
56
57
57
57
58
57
58
59
58
59
60
61
110
130
136
150
154
146
145
144
142
134
133
132
135
129
64
58
61
61
62
59
60
61
63
64
64
117
134
145
159
146
140
131
138
131
130
129
129
120
60
55
54
55
56
56
56
55
56
56
57
110
134
150
168
160
152
149
146
143
144
145
145
139
67
63
63
63
64
62
63
64
65
66
66
125
147
160
182
170
167
153
150
146
151
147
148
137
65
61
61
60
61
63
68
64
67
69
68
130
147
180
189
171
145
130
123
113
108
110
121
125
64
61
60
62
65
66
66
67
67
69
67
69
67
69
69
64
81
106
108
104
103
108
117
138
68
65
65
68
67
70
70
68
70
69
70
71
72
67
63
64
61
60
60
60
61
61
62
61
60
61
61
59
61
60
61
60
60
62
105
125
133
148
156
142
141
136
139
122
114
119
129
121
58
54
54
57
57
57
58
58
58
60
60
109
122
134
146
149
140
142
147
142
143
139
140
128
61
56
58
58
60
59
60
61
63
64
63
121
134
148
165
151
147
142
145
139
135
135
141
135
66
62
62
62
63
65
65
65
64
66
66
127
143
164
168
163
162
163
160
154
151
156
160
145
67
62
62
65
65
66
65
67
66
67
67
126
138
160
178
165
158
150
139
137
140
148
147
134
65
59
59
62
61
61
61
62
62
61
60
111
122
128
131
136
128
127
125
128
133
138
136
137
68
63
63
63
62
64
63
63
63
63
62
64
62
64
62
62
63
63
61
62
62
63
64
65
65
63
61
62
62
63
63
62
62
63
116
135
140
157
158
158
158
155
157
143
140
150
157
145
70
67
68
69
70
70
71
73
71
72
72
140
159
189
187
193
190
186
192
185
188
182
186
171
76
72
73
74
73
73
75
74
75
76
76
150
170
207
196
194
195
189
188
179
176
189
186
166
74
69
70
72
74
74
75
76
76
76
76
152
179
221
212
211
212
207
207
198
191
199
200
181
77
72
74
73
73
74
76
76
74
74
74
144
162
192
194
187
186
193
188
177
168
160
156
147
73
67
68
68
68
69
71
73
72
73
72
140
162
185
173
164
157
153
148
154
149
160
159
159
78
72
74
74
74
74
73
73
73
73
75
74
74
73
72
71
64
62
57
54
54
53
56
63
65
68
72
71
75
76
76
78
80
79
159
181
206
195
203
193
188
183
189
177
167
163
161
155
71
68
70
69
72
72
74
73
70
72
72
142
159
180
182
173
156
142
135
118
111
101
112
111
58
55
58
59
63
64
64
66
67
67
69
126
147
167
165
133
102
95
88
73
74
83
88
100
57
53
56
59
62
61
63
66
64
64
63
114
127
140
142
130
121
97
101
103
102
113
113
103
55
52
52
54
54
56
54
55
55
56
56
98
111
123
129
125
123
119
113
110
109
110
109
104
53
52
50
52
51
53
55
54
53
56
59
104
118
124
127
140
132
127
126
123
118
118
119
122
61
59
59
60
60
63
61
62
60
59
59
61
60
60
58
58
58
57
56
57
54
56
54
55
54
54
53
54
54
54
57
56
57
59
94
105
109
116
120
111
110
107
109
101
102
103
104
96
52
48
50
51
49
49
50
50
51
52
51
88
99
111
115
111
102
97
98
90
86
81
88
81
49
48
53
52
55
55
55
57
57
57
55
92
102
100
103
102
99
95
93
83
75
77
86
83
50
49
49
50
52
53
53
54
52
52
51
83
94
117
118
112
101
97
98
99
98
109
115
116
64
59
60
59
61
61
62
63
64
65
66
121
132
155
164
151
143
137
126
115
107
101
104
100
54
54
58
59
56
59
61
62
62
67
62
114
131
141
151
132
118
115
107
111
111
117
123
125
67
64
64
64
63
61
60
59
59
58
58
57
57
57
55
56
53
52
52
51
50
51
51
52
52
52
52
51
52
52
51
53
51
51
78
87
92
98
99
95
93
81
94
77
74
75
73
68
40
39
42
41
43
47
48
45
44
46
45
72
90
104
115
110
107
99
98
95
99
97
102
104
55
50
50
55
56
54
54
57
58
57
56
96
109
124
131
123
117
104
103
98
96
101
95
89
53
51
52
53
55
57
57
55
58
59
58
99
110
130
137
134
122
114
111
98
98
111
97
89
54
49
51
53
55
55
55
55
55
55
55
89
104
116
119
113
109
105
102
99
93
90
93
91
55
48
51
53
57
56
55
56
57
55
56
94
108
106
111
110
107
94
86
80
81
87
92
97
58
54
55
55
58
58
58
57
57
56
57
56
55
56
54
53
53
54
57
56
54
56
56
55
58
57
60
60
61
60
61
62
61
62
108
125
139
155
152
145
141
138
133
129
127
136
134
125
65
61
63
63
64
65
65
64
65
65
66
122
139
162
174
161
161
152
157
150
141
142
141
129
64
64
65
65
66
66
67
66
66
67
67
121
140
162
162
148
139
133
133
114
104
109
116
116
59
54
53
52
51
51
53
54
54
56
58
94
105
120
121
114
108
110
111
106
105
111
109
101
52
49
49
51
51
51
52
52
53
54
53
89
97
110
114
110
100
92
92
85
80
76
78
78
48
47
47
51
53
51
52
53
52
53
55
91
109
113
115
112
96
81
79
77
73
64
63
77
53
52
53
55
58
58
61
60
64
62
64
63
63
61
57
52
47
42
40
44
43
47
44
45
53
56
58
59
59
62
61
61
61
60
103
125
129
137
132
120
112
102
102
97
99
102
96
89
51
48
52
48
53
55
56
55
55
55
53
95
107
117
124
119
112
110
105
95
87
83
77
69
41
42
43
43
47
49
49
49
48
50
48
83
97
108
107
94
82
80
80
68
63
62
60
65
42
43
42
45
48
48
49
50
50
51
50
86
103
111
110
97
93
91
82
70
54
55
28
24
10
15
54
38
41
37
39
40
42
41
43
72
84
96
104
94
85
83
82
75
86
105
97
96
52
49
49
51
52
51
52
51
52
52
50
85
98
106
111
111
117
115
116
111
101
90
87
89
53
50
52
54
54
55
56
57
57
58
60
58
61
57
52
47
44
42
45
46
47
48
51
54
56
56
57
60
59
58
56
55
55
53
87
99
104
113
114
104
93
88
85
85
89
88
87
81
46
43
41
40
42
45
44
46
46
49
49
83
98
104
106
90
77
67
63
52
48
56
60
71
42
41
42
45
50
52
49
50
49
51
50
88
101
109
110
94
80
71
65
57
50
62
48
53
38
37
40
41
44
43
47
49
52
52
53
93
110
112
106
77
60
58
65
52
54
50
52
61
37
40
39
43
44
45
48
49
50
50
51
91
106
115
126
112
100
84
73
61
47
47
50
59
37
38
40
40
39
43
45
44
46
47
47
78
90
91
89
87
85
77
73
70
66
63
67
77
45
43
45
48
46
48
49
50
0
50
51
54
52
53
49
46
42
42
38
31
23
24
27
19
14
7
8
6
57
42
40
42
45
45
76
90
97
106
111
104
97
94
96
88
77
59
49
36
16
6
8
7
41
40
39
41
43
43
42
72
88
98
106
101
98
96
99
83
81
78
75
63
33
46
38
39
42
46
45
47
46
50
51
91
105
109
117
112
108
103
109
93
85
86
81
78
43
43
41
42
42
43
43
44
44
44
43
79
88
96
98
87
83
76
79
79
73
71
66
58
35
32
29
22
5
7
11
56
40
39
40
63
71
78
76
47
29
22
17
15
8
6
5
4
4
3
4
3
4
4
3
4
4
11
9
51
68
63
61
59
50
25
15
13
8
12
13
11
5
4
3
4
3
9
53
46
39
40
40
36
40
38
34
37
31
23
6
5
4
4
3
4
3
4
4
3
20
60
42
42
45
43
66
77
83
85
89
89
85
84
81
65
49
48
41
37
22
8
7
6
38
42
39
39
41
42
43
76
84
96
96
94
82
68
56
38
21
14
16
17
6
4
3
10
60
39
37
40
36
38
39
64
74
86
93
85
79
70
63
53
49
55
49
47
34
32
34
35
37
38
36
39
40
40
40
65
78
84
91
79
69
61
63
54
43
42
28
26
39
36
32
33
35
37
38
36
37
36
36
53
63
68
72
69
64
59
56
50
44
51
34
14
6
3
8
10
50
35
37
38
37
36
37
54
64
67
69
67
67
65
60
62
61
60
60
62
38
37
37
38
38
37
39
38
43
45
45
45
47
45
40
36
32
30
27
24
20
7
4
3
4
3
4
3
6
42
41
37
34
32
49
57
58
19
19
15
19
28
79
45
41
19
18
18
10
7
12
57
39
40
41
44
43
44
45
74
87
94
99
93
85
75
73
58
50
50
47
42
31
31
32
35
39
37
40
40
39
40
39
61
72
79
84
77
65
65
65
60
56
52
51
47
32
32
33
35
38
36
38
40
39
39
40
63
73
84
93
81
78
76
63
56
56
56
57
54
34
32
34
37
39
42
40
41
44
43
42
70
80
87
92
89
81
74
67
66
67
64
65
67
37
37
38
40
41
41
43
43
44
45
46
80
91
97
101
105
108
109
116
114
110
105
99
101
59
60
57
59
57
57
59
61
59
62
62
63
62
59
52
47
40
44
42
38
31
33
25
32
28
38
42
43
46
46
47
50
51
55
103
120
124
130
123
107
98
95
90
93
94
96
87
91
44
49
53
56
56
56
60
60
60
60
62
123
146
164
152
132
117
116
115
107
110
99
89
105
48
48
48
52
54
56
56
58
60
60
63
115
137
149
149
126
112
102
102
93
85
68
64
61
33
36
37
40
43
44
48
52
45
45
45
83
97
104
107
93
81
5
0
0
0
127
83
75
42
38
41
41
43
42
43
42
44
42
43
67
74
77
80
77
77
69
61
59
60
57
59
55
36
38
37
42
43
44
47
45
48
47
50
82
97
98
96
88
84
73
66
63
57
55
53
55
34
31
35
38
41
41
42
45
44
47
47
48
47
45
40
38
35
31
31
32
31
29
29
27
30
32
35
36
38
40
41
45
44
45
76
91
95
106
110
109
99
91
85
82
77
75
76
58
35
34
38
41
43
46
47
48
49
51
51
89
103
111
110
100
82
75
72
65
59
62
72
71
36
30
36
40
41
45
44
45
47
48
48
85
99
106
102
90
87
88
87
70
58
54
55
49
26
33
33
36
38
39
39
43
42
45
44
79
91
96
98
87
76
68
63
55
53
53
58
47
23
7
16
46
35
38
39
39
39
40
39
66
77
82
83
71
65
62
57
45
19
30
27
32
6
4
9
55
40
38
39
41
42
42
41
72
85
95
98
96
91
81
78
86
87
79
73
89
43
42
42
47
47
47
49
49
52
53
54
55
52
43
36
31
30
27
23
17
5
4
5
4
3
4
3
5
13
69
44
44
43
44
80
94
104
88
79
68
58
47
22
23
21
21
21
20
6
3
8
13
82
50
51
51
50
53
51
89
100
95
85
65
48
32
23
20
19
21
20
22
5
4
4
5
20
66
42
41
40
41
39
63
70
73
73
57
34
18
22
17
15
13
11
12
5
4
3
4
3
44
56
44
42
43
44
72
82
89
84
61
38
27
24
16
10
13
20
15
6
4
3
10
8
12
68
41
38
38
40
61
69
70
69
65
46
18
27
19
16
14
14
18
6
4
3
4
8
8
8
17
61
40
39
52
62
53
34
19
16
18
16
14
5
7
7
5
4
3
4
3
4
8
9
65
40
39
39
39
38
35
35
26
18
3
4
3
4
3
4
3
4
3
4
4
28
54
38
37
38
38
58
74
80
87
87
81
71
66
63
61
57
51
45
41
31
27
31
34
36
37
39
41
42
43
45
66
98
92
90
77
69
61
58
48
44
40
34
27
10
6
45
35
38
38
40
42
43
43
42
71
85
99
103
94
81
77
78
79
79
82
81
69
40
39
42
42
43
43
43
42
44
43
44
76
85
90
96
87
84
72
66
54
37
19
29
24
5
3
4
11
26
64
45
46
45
47
45
78
85
81
69
57
45
29
18
16
14
17
16
14
5
3
4
4
8
50
46
39
38
38
40
59
65
59
49
25
10
4
4
3
4
4
4
3
4
3
4
3
4
3
7
7
7
7
8
41
49
32
19
3
4
3
4
3
4
3
4
3
4
3
4
3
3
4
3
4
3
9
8
17
21
19
17
18
16
15
17
13
14
15
17
17
5
3
4
3
4
3
10
8
8
6
6
13
17
22
23
23
24
23
25
15
6
6
5
4
4
4
16
52
36
32
30
31
28
27
27
27
26
26
20
7
5
6
9
6
5
7
5
4
4
4
4
3
4
3
4
3
4
3
3
5
5
5
6
9
8
6
12
7
7
6
5
4
4
3
4
3
4
3
4
3
4
3
3
6
4
5
5
8
7
6
8
7
5
5
5
4
3
4
3
4
3
4
3
3
4
3
4
3
4
3
4
3
5
4
3
22
17
4
3
4
3
4
3
4
3
4
3
41
28
27
27
26
26
22
19
15
12
3
4
3
4
3
4
3
3
4
3
4
3
4
3
3
4
33
30
26
23
22
21
18
12
7
11
5
6
5
5
4
3
4
3
4
3
4
3
3
39
26
25
24
21
16
10
5
5
6
11
6
6
6
6
3
4
4
3
4
3
4
3
3
4
3
36
25
24
23
24
22
34
27
26
23
21
16
8
4
4
3
4
3
3
4
4
36
25
26
25
27
33
31
27
20
15
4
4
4
3
4
4
3
4
3
4
3
4
3
4
3
3
4
3
27
28
22
9
5
4
5
7
5
4
5
4
4
3
3
4
3
4
3
4
3
4
3
4
3
4
3
4
4
3
4
4
3
4
3
4
4
3
4
3
4
3
4
3
3
4
3
4
3
4
3
4
3
3
4
3
4
3
4
3
4
3
3
4
3
4
3
3
4
3
4
3
4
3
5
5
5
5
6
11
8
6
5
4
5
4
3
4
3
4
3
4
3
4
3
3
4
4
5
6
6
6
7
11
5
7
6
4
4
4
3
4
3
4
3
4
3
4
3
3
4
4
5
5
5
6
5
9
6
6
5
6
4
3
4
3
4
20
39
25
27
26
26
28
32
32
32
31
25
21
16
17
6
5
5
5
5
4
3
4
3
4
3
4
7
42
26
26
32
33
30
24
23
12
6
7
6
5
6
5
4
3
4
3
4
3
4
3
45
29
28
27
30
28
16
9
4
3
4
4
4
3
4
4
4
3
4
3
4
3
4
3
28
33
23
24
25
22
17
6
3
4
3
4
4
3
4
3
4
3
4
3
4
3
3
4
29
35
28
33
34
32
27
24
20
9
5
6
5
4
5
4
6
3
4
4
3
4
3
4
26
30
23
25
26
24
17
4
4
4
3
4
4
4
3
4
4
4
3
4
3
4
3
4
3
5
54
27
31
33
34
33
28
18
9
12
7
6
5
5
4
4
4
3
47
31
29
30
30
29
29
25
29
28
29
30
26
6
5
11
6
6
6
4
4
4
4
4
4
3
4
4
42
24
23
22
25
23
9
6
6
8
6
8
7
6
9
4
4
4
3
4
3
4
4
3
4
3
17
34
25
26
26
20
5
4
3
4
4
3
4
4
4
3
4
3
4
3
4
4
3
4
3
4
3
4
3
4
3
4
3
4
3
4
3
4
3
4
3
4
3
4
3
4
3
4
3
4
33
27
20
5
7
4
6
9
7
5
5
5
4
3
4
4
3
4
3
4
3
4
32
25
23
24
7
5
6
5
6
5
6
5
6
5
4
3
4
3
4
3
4
3
4
3
8
47
27
27
28
27
20
5
8
9
6
6
5
5
4
3
4
4
3
4
3
4
3
4
3
4
4
4
5
6
6
6
6
9
9
5
6
5
4
4
4
4
3
4
4
3
4
3
4
3
4
4
5
5
6
6
6
8
7
4
5
5
4
4
3
4
3
4
4
3
4
3
4
3
6
50
24
4
3
4
4
4
3
4
4
3
4
4
4
3
4
3
4
3
4
3
4
4
3
4
3
4
3
4
3
4
3
4
3
4
3
4
4
3
4
3
4
3
4
3
4
3
4
4
5
6
5
4
6
8
4
4
5
5
4
3
4
3
4
3
4
3
4
3
4
3
4
4
4
6
5
5
6
7
5
5
5
5
4
3
4
4
3
4
3
4
3
4
3
36
25
23
23
20
5
6
5
9
5
4
6
4
4
4
4
4
3
4
3
4
3
4
3
3
5
4
5
4
7
5
5
7
5
4
6
4
4
4
4
3
4
3
4
3
4
3
4
3
4
4
3
4
4
3
4
4
3
4
4
3
4
4
3
4
3
4
3
4
3
4
3
4
4
3
4
4
3
4
4
4
3
4
4
3
4
4
3
4
3
4
3
4
3
4
50
27
24
22
7
4
3
4
3
4
3
4
3
4
3
4
3
4
3
4
3
4
3
4
25
37
27
28
28
27
9
5
5
7
5
5
5
4
4
4
3
4
4
3
4
3
4
52
28
31
34
33
31
26
24
16
5
7
5
5
5
5
4
4
3
4
3
4
3
4
33
30
28
26
30
27
27
25
17
5
7
8
6
5
6
4
4
4
3
4
3
4
3
4
3
4
3
4
3
4
6
5
4
5
5
7
6
7
5
5
4
4
3
4
4
3
4
3
4
3
4
3
4
4
4
6
5
6
5
8
6
6
6
4
4
4
3
4
3
4
3
4
10
49
25
24
26
28
27
27
26
18
3
4
4
4
3
4
4
3
4
4
3
4
3
4
3
4
3
4
3
4
25
37
3
4
3
4
3
4
4
3
4
3
4
3
4
3
4
3
4
4
51
32
33
32
30
26
6
5
4
9
5
5
5
5
4
4
4
3
4
3
4
3
4
54
35
31
34
35
31
27
24
9
6
9
5
6
5
4
4
4
3
4
3
4
3
4
3
4
4
3
44
31
27
25
11
5
6
6
6
4
5
5
4
4
3
4
3
4
3
4
3
4
3
4
4
11
48
27
8
6
5
8
6
5
4
5
4
3
4
3
4
4
3
4
3
4
3
4
3
4
4
4
5
5
5
7
5
4
5
4
4
4
3
4
3
4
4
3
4
3
4
3
4
3
4
4
3
4
4
4
3
4
4
4
3
4
3
4
4
3
4
3
4
3
4
3
31
35
21
18
10
4
3
4
3
4
3
4
3
4
3
4
3
4
3
4
3
4
3
40
25
22
17
4
5
4
5
8
5
5
5
4
4
4
3
4
3
4
3
4
3
4
3
4
3
4
4
5
5
6
6
8
6
4
5
4
4
4
4
3
4
3
4
3
4
3
4
3
4
4
4
5
5
6
6
5
6
5
4
5
4
3
4
3
4
4
3
4
3
4
3
4
3
5
4
5
5
4
6
7
5
5
4
4
3
4
4
3
4
3
4
3
4
3
4
11
51
26
27
17
5
5
5
5
5
5
5
4
4
4
3
4
3
4
4
3
4
5
52
25
25
24
15
4
3
4
4
3
4
4
4
3
4
4
3
4
3
4
4
3
4
3
4
3
4
3
4
3
4
3
4
3
4
3
4
3
4
3
4
3
4
3
4
3
4
3
4
4
50
30
29
12
4
5
5
6
5
4
4
4
4
4
3
4
3
4
3
4
3
4
3
4
4
3
5
4
4
5
6
7
6
4
5
4
4
4
4
3
4
3
4
3
4
3
4
3
4
5
5
5
4
5
5
7
4
4
5
4
4
3
4
3
4
4
3
4
3
4
26
36
23
23
8
5
6
5
5
6
6
4
5
4
4
3
4
4
3
4
3
4
3
4
3
4
3
5
5
5
4
5
4
6
4
5
5
4
4
3
4
3
4
3
4
3
4
3
4
3
4
4
3
4
4
3
4
4
4
3
4
4
3
5
3
4
3
4
3
4
4
3
4
3
4
3
4
3
4
3
4
3
4
3
4
4
3
4
3
4
3
4
3
4
3
4
3
4
3
4
6
4
4
4
5
5
5
5
4
4
3
4
4
3
4
3
4
3
4
3
3
4
4
3
5
5
4
5
5
7
5
4
4
4
4
4
3
4
3
4
3
4
3
4
3
4
3
5
4
5
4
5
5
6
5
4
4
4
4
3
4
3
4
3
4
3
4
3
4
3
4
4
4
4
5
5
5
6
4
4
4
4
4
3
4
3
4
3
4
3
4
3
4
3
4
4
5
4
5
5
6
4
4
4
5
4
3
4
3
4
4
3
4
3
4
3
4
3
4
3
4
4
4
3
4
4
4
3
4
4
3
4
4
3
4
3
4
3
4
3
4
3
4
3
4
3
4
3
4
3
4
3
4
3
4
3
4
3
4
3
4
3
4
3
4
3
4
4
5
5
4
4
4
6
5
4
4
4
4
3
4
3
4
3
4
3
4
3
4
3
4
3
5
6
5
4
6
6
5
4
5
4
3
4
6
3
4
3
4
3
4
3
4
3
4
4
5
5
4
5
5
7
5
4
4
4
4
3
5
4
3
4
3
4
3
4
3
4
3
4
4
5
4
4
5
6
4
5
4
5
3
4
3
4
3
4
3
3
4
3
4
3
4
4
4
4
4
4
4
6
4
5
4
4
4
3
4
3
4
3
4
3
3
4
3
4
4
3
4
4
3
4
4
3
4
4
3
4
4
3
4
3
4
3
4
4
3
3
4
3
4
3
4
3
4
3
4
3
4
3
4
3
4
3
4
3
4
3
4
3
4
3
4
3
4
4
4
5
4
5
5
6
5
5
4
4
4
3
4
3
4
4
3
4
3
4
3
4
3
4
4
4
4
5
5
9
6
5
4
5
4
5
4
3
4
3
4
3
4
3
4
3
4
4
4
5
5
4
5
8
5
4
5
4
4
3
4
3
4
3
4
3
4
3
4
3
4
3
4
4
4
7
5
7
5
4
4
6
3
4
4
3
4
3
4
3
4
3
4
3
4
4
5
4
4
5
4
6
4
4
5
4
4
3
4
3
4
3
4
3
3
4
3
4
3
4
4
3
4
4
3
4
4
4
3
4
4
3
4
3
4
3
4
3
4
3
4
3
4
3
4
3
4
3
4
3
4
3
4
3
4
3
4
3
4
3
4
3
3
4
3
4
4
4
4
4
5
4
6
6
5
4
6
4
3
4
3
4
4
3
4
3
4
23
38
23
18
10
4
6
5
4
6
9
4
5
5
4
4
4
3
4
3
4
3
4
3
4
3
4
4
4
4
8
6
5
5
8
5
4
5
5
3
4
4
3
4
3
4
3
4
3
4
3
4
23
28
7
5
5
6
8
6
5
4
5
3
4
3
4
3
4
3
4
3
3
4
3
4
4
5
5
7
5
6
7
5
4
6
4
4
4
3
4
3
3
4
3
4
3
4
3
4
3
4
4
3
4
3
4
4
4
3
4
4
3
4
3
4
3
4
3
4
3
4
3
3
4
3
4
3
4
3
4
3
4
3
4
3
4
3
4
3
3
4
3
4
3
4
3
4
4
3
5
5
4
6
9
6
6
4
5
4
3
4
3
4
3
4
3
4
3
4
3
4
4
5
7
5
6
6
9
5
5
5
5
4
3
4
3
4
3
4
3
4
3
4
3
4
3
5
6
6
5
7
9
5
5
4
5
4
3
4
3
3
4
3
4
3
17
35
25
28
30
20
10
7
6
6
9
5
5
5
5
4
3
4
3
4
3
4
3
4
3
3
4
3
6
5
6
8
7
5
8
4
4
5
4
5
4
3
4
3
4
3
4
3
4
3
3
4
4
3
4
4
3
4
4
3
4
3
4
4
3
4
3
4
3
4
3
4
3
4
3
4
3
4
3
4
3
3
4
3
4
3
4
3
4
3
4
3
4
3
3
4
3
4
3
4
4
5
5
5
5
7
9
7
4
6
4
4
4
3
4
3
4
3
3
4
3
4
3
4
4
4
5
5
5
6
8
6
6
5
5
4
3
4
3
4
3
3
4
3
4
3
4
3
4
4
7
5
5
7
9
6
6
5
5
3
4
3
4
3
4
3
4
3
3
4
3
4
3
5
8
5
5
6
11
5
5
5
5
5
3
4
3
3
4
3
4
3
4
3
16
38
24
25
24
6
6
5
7
6
4
5
4
4
4
3
4
3
4
3
4
3
4
3
4
3
32
27
7
4
4
4
3
4
4
3
4
4
3
4
3
4
3
4
3
4
3
4
3
36
41
31
21
15
5
3
4
3
4
3
3
4
3
4
3
4
3
4
3
4
3
3
4
4
4
5
5
5
5
7
9
7
5
5
5
4
4
3
4
3
4
3
4
3
4
3
4
3
5
5
7
5
4
6
9
7
5
6
5
3
4
3
4
3
4
3
4
3
4
3
4
3
5
4
6
5
6
5
8
5
7
5
5
4
3
4
3
4
3
4
3
4
3
46
28
27
30
32
34
31
26
24
26
21
5
5
6
4
37
28
26
27
26
26
20
22
22
25
24
24
26
28
19
7
6
6
8
7
5
5
5
4
3
4
3
4
3
4
3
4
3
4
3
4
3
4
4
3
4
4
4
3
4
4
4
3
4
3
4
5
60
32
29
29
29
30
33
37
35
31
28
21
9
3
4
3
4
3
4
3
4
3
4
3
4
3
4
3
4
3
4
4
4
6
5
5
6
36
10
6
6
6
5
4
4
3
4
3
4
3
3
4
3
4
3
4
4
4
5
6
5
8
11
6
5
7
5
4
3
4
3
4
4
9
49
28
26
26
28
30
35
39
30
19
8
14
53
43
32
29
20
4
3
4
33
33
24
26
26
26
26
28
28
32
40
45
41
39
31
27
31
29
21
11
7
4
42
27
25
29
29
30
31
30
30
30
30
33
40
44
36
29
22
15
8
7
5
5
5
4
3
4
3
4
39
25
26
24
27
27
29
29
40
38
38
33
26
15
4
3
4
3
4
4
3
4
3
4
54
36
34
34
35
34
36
34
36
34
31
27
23
14
3
4
7
48
23
20
4
3
4
3
47
38
35
36
37
39
69
78
68
59
62
52
29
28
13
6
5
5
5
4
3
4
3
4
31
29
26
27
29
29
29
33
46
44
40
28
23
18
11
6
6
6
5
5
3
4
3
4
38
22
21
24
27
24
29
29
37
38
31
23
19
15
8
7
6
5
6
4
3
4
3
4
5
42
29
29
28
26
26
29
37
31
35
33
25
7
8
5
5
5
5
4
3
4
3
4
12
43
29
29
31
31
30
44
66
64
57
46
40
24
25
20
7
5
8
34
23
21
21
22
22
21
22
23
22
22
23
25
28
27
29
27
26
16
3
4
4
3
4
4
3
4
3
4
3
4
3
4
3
4
3
4
44
33
25
13
3
4
3
4
3
4
3
3
4
3
4
3
4
3
4
3
27
40
28
30
27
22
7
6
5
7
8
6
5
5
4
4
4
3
4
3
4
3
4
4
3
3
4
4
4
5
7
5
8
7
11
5
7
5
5
4
4
4
3
4
3
4
3
4
4
3
4
4
4
8
8
5
5
6
8
7
5
6
5
4
3
4
4
3
27
34
11
4
3
4
3
39
36
35
35
31
11
6
11
6
5
6
8
4
3
4
4
3
4
3
4
3
4
3
4
29
46
41
39
30
6
5
8
7
4
6
4
4
4
4
3
20
46
31
31
30
31
31
36
42
56
54
47
33
22
5
3
4
4
3
4
4
3
4
24
51
30
28
28
28
30
30
30
30
34
32
26
21
7
4
3
4
9
46
24
26
28
29
30
36
32
35
34
33
32
31
39
47
46
48
40
38
43
44
48
36
19
30
20
8
4
3
4
5
41
25
26
28
28
27
28
32
41
41
40
30
25
23
17
5
0
0
4
9
4
3
4
40
29
30
27
28
29
30
29
32
43
43
45
38
34
32
30
34
36
34
34
53
32
30
30
31
31
33
32
32
33
33
34
48
52
55
52
47
41
39
41
40
36
35
36
35
27
27
27
29
29
29
31
30
32
32
33
49
57
58
57
39
31
24
22
19
7
5
4
25
24
21
23
26
28
27
29
29
29
29
26
37
51
52
54
51
50
60
49
58
57
56
53
52
34
29
28
32
33
34
32
31
31
32
32
33
32
36
35
32
29
31
29
24
23
21
24
26
29
26
27
30
31
29
30
29
30
31
54
60
60
60
58
48
44
43
42
36
31
24
24
26
22
23
24
24
24
27
26
27
29
29
28
53
68
64
66
54
48
38
35
20
18
22
28
32
23
20
21
22
21
23
23
23
24
25
27
30
37
38
37
32
28
26
32
23
19
11
5
4
4
21
26
21
19
21
22
21
22
20
23
28
31
31
30
28
25
23
23
21
6
6
27
22
23
27
28
26
28
28
29
27
29
28
28
40
48
33
0
0
0
0
0
6
60
13
5
4
4
3
24
28
25
25
24
23
22
20
20
4
3
4
4
3
4
4
4
3
4
4
3
4
4
3
4
3
4
3
4
3
4
3
4
48
32
34
29
27
22
13
3
4
3
4
3
4
3
25
35
27
24
24
24
26
26
26
28
30
35
35
32
25
6
7
9
8
5
5
5
4
4
3
4
31
38
30
26
25
26
25
25
26
28
18
6
6
5
6
9
6
6
6
5
4
4
4
52
30
32
30
31
33
32
32
32
35
44
44
40
34
30
28
35
30
31
31
31
32
27
26
29
30
29
29
30
29
30
31
29
43
57
64
63
56
50
46
43
37
33
27
33
35
27
27
27
31
30
29
28
30
29
30
29
41
47
47
47
44
43
34
36
34
33
34
33
33
28
27
26
29
27
27
28
27
26
28
27
35
39
41
42
42
42
41
40
41
40
39
39
42
31
28
30
31
29
30
31
29
29
30
29
30
31
32
30
30
28
29
27
26
26
21
16
3
9
41
32
35
32
32
32
32
33
32
59
64
72
71
69
60
33
36
34
34
34
35
39
49
38
37
37
39
38
39
39
38
40
39
40
61
70
54
0
116
57
43
45
41
39
43
44
46
39
36
34
35
34
34
32
32
33
30
30
30
35
40
42
37
34
33
35
15
7
6
6
55
35
33
35
35
33
35
34
36
37
36
37
39
43
47
48
47
41
40
40
37
33
33
34
36
34
31
33
34
35
35
37
37
36
37
38
40
43
55
61
55
45
38
38
46
56
66
61
46
41
40
36
36
36
39
38
37
37
37
38
41
43
43
45
44
44
45
43
41
40
41
44
43
43
44
41
42
41
41
42
0
47
40
49
51
53
46
48
48
42
39
38
36
34
34
39
42
41
43
44
44
47
49
51
51
52
53
92
111
120
126
132
116
101
89
86
79
72
85
74
75
48
45
47
48
51
51
51
51
52
56
61
114
101
108
104
87
78
71
59
58
117
70
101
63
45
40
41
41
42
42
41
43
42
42
41
48
51
51
57
49
47
60
44
40
39
38
40
38
37
34
35
35
38
36
37
39
39
38
40
43
47
52
55
53
54
59
52
47
67
65
49
43
40
39
40
40
42
47
46
47
48
50
55
77
70
75
80
74
65
53
50
53
54
53
59
57
58
57
60
63
64
68
64
65
62
50
44
44
58
62
62
55
54
49
45
43
44
54
59
61
67
52
48
44
47
47
48
45
45
44
43
44
46
46
45
44
43
45
44
45
52
55
55
59
57
48
46
46
46
49
49
51
51
51
76
89
96
95
109
102
118
63
92
60
99
101
100
73
79
54
49
51
54
58
56
57
62
61
63
118
129
141
138
141
128
135
134
142
135
87
99
87
93
57
53
54
52
55
56
58
58
55
52
93
102
108
106
111
150
133
65
62
108
146
84
59
65
49
45
44
46
44
45
46
46
47
43
67
75
80
82
80
113
181
172
144
175
141
102
59
58
45
39
40
42
43
44
45
45
44
45
61
71
77
79
74
67
63
62
68
73
75
86
76
73
83
84
85
76
79
79
83
84
55
52
53
50
53
86
90
82
83
76
80
78
84
89
91
59
55
54
54
55
57
55
56
55
57
54
54
55
54
80
83
78
74
73
74
76
80
86
88
58
55
57
54
55
53
56
57
58
62
105
107
118
140
144
147
150
182
160
108
165
161
115
106
101
60
56
62
66
65
54
57
58
59
57
96
103
114
118
107
109
108
102
103
193
117
104
69
62
51
48
49
52
52
52
52
53
53
53
79
91
104
103
137
159
72
104
66
65
69
80
77
79
55
52
49
52
53
56
54
57
57
56
97
105
119
132
114
108
133
144
106
109
111
84
69
63
50
46
45
48
47
50
49
52
53
55
90
99
109
116
111
99
88
77
64
69
66
76
79
82
52
47
49
50
51
51
52
52
53
53
52
52
53
53
55
52
57
54
54
57
52
56
56
55
55
56
56
56
55
56
55
57
56
59
55
55
56
57
58
54
55
57
56
60
62
60
63
61
63
67
62
63
64
65
62
64
66
121
142
156
168
181
153
150
197
164
154
205
149
144
128
125
66
58
58
61
65
64
65
66
66
66
136
152
167
180
164
155
159
148
140
140
144
151
139
138
67
62
61
63
60
58
60
60
58
59
103
111
115
118
104
90
68
67
62
55
54
56
55
53
45
44
43
46
47
47
48
47
46
49
68
76
77
82
71
65
63
62
55
46
48
46
39
47
44
43
45
46
50
48
49
49
50
48
67
76
90
95
88
93
91
93
95
91
92
103
99
94
57
53
52
54
54
56
56
54
55
60
59
60
61
62
59
57
52
50
53
56
59
57
58
58
58
57
55
57
58
56
59
57
61
61
58
62
58
57
58
61
61
56
56
56
55
54
56
55
54
54
54
57
55
55
56
54
56
85
101
103
110
119
114
113
116
120
106
105
117
115
110
112
61
50
51
53
52
50
54
54
56
55
99
103
110
118
123
109
106
106
95
99
103
106
100
94
60
52
54
54
55
56
56
54
54
55
102
117
127
132
129
129
128
138
116
137
132
133
113
111
63
59
59
66
66
61
63
61
61
61
127
138
138
142
140
139
131
155
129
132
133
136
122
115
60
52
55
54
54
54
54
54
54
54
112
123
138
152
144
139
134
121
115
118
128
131
122
117
62
55
54
52
53
53
54
57
55
54
55
57
55
55
55
52
50
48
49
49
49
52
51
53
53
53
53
53
52
53
52
54
54
55
54
54
55
54
55
54
51
50
49
49
48
47
49
48
50
51
51
52
52
53
53
53
53
97
106
109
111
121
114
110
104
104
97
109
132
127
108
99
56
50
52
53
55
54
54
52
53
52
89
91
90
93
88
96
81
115
82
72
70
68
66
61
45
43
44
43
44
44
44
46
44
45
66
78
83
92
91
97
90
82
82
79
75
75
72
67
47
42
42
43
43
44
45
44
44
45
67
75
79
88
87
89
92
96
92
94
98
95
91
91
53
47
48
47
48
48
47
47
47
49
80
90
101
112
110
110
111
121
103
105
114
135
116
111
76
69
70
70
71
69
72
72
71
71
68
66
66
66
66
64
65
62
61
61
63
65
67
68
68
73
71
71
71
71
70
74
71
72
72
72
72
69
69
70
70
69
70
71
70
70
70
72
70
72
72
70
72
70
72
72
71
106
134
173
168
177
161
154
151
159
147
149
147
151
138
129
77
68
70
72
71
70
70
69
68
68
107
128
157
156
143
140
139
137
126
118
124
127
121
120
76
68
68
69
64
65
66
64
66
65
95
116
146
153
136
131
127
130
126
120
124
122
119
121
72
66
66
67
66
65
66
64
65
65
93
122
156
152
143
130
111
101
99
97
110
112
107
106
69
62
64
64
63
64
64
62
63
62
85
98
115
136
125
120
114
114
114
116
123
125
111
111
72
64
62
64
65
67
67
65
64
63
63
67
66
66
64
66
62
62
60
58
62
63
66
66
67
68
66
67
69
71
68
69
69
72
72
73
73
74
74
68
68
68
66
66
66
73
68
66
67
69
67
68
67
67
68
70
66
93
124
152
155
151
144
139
139
140
149
188
135
134
119
111
71
62
64
63
63
63
62
63
61
60
80
96
115
128
120
127
116
128
129
156
140
146
129
129
77
66
67
67
66
67
65
64
64
62
89
106
126
135
121
117
110
113
111
103
100
101
89
83
61
56
53
56
54
54
53
52
55
57
67
86
97
117
108
100
96
94
93
93
100
98
87
81
59
56
57
57
56
56
56
57
58
59
73
87
99
123
110
99
95
92
99
102
102
110
102
100
69
64
62
62
63
63
62
60
60
58
57
58
59
56
56
53
54
52
49
50
52
51
50
50
51
52
49
47
50
47
50
46
48
48
48
50
51
53
51
50
51
51
53
52
51
53
52
50
53
51
51
50
50
51
51
51
52
53
63
71
77
83
90
81
79
80
78
78
76
77
72
70
61
58
58
58
58
58
59
59
59
60
67
86
97
119
116
114
113
109
110
99
102
107
100
94
74
65
65
68
64
68
69
66
68
68
85
102
124
140
131
123
113
107
108
112
116
117
105
101
69
61
62
63
63
64
65
63
64
63
80
96
110
127
113
111
107
113
110
112
121
125
114
108
71
65
66
63
64
64
65
64
65
65
84
102
118
135
124
122
118
112
104
109
115
123
114
113
76
69
67
65
69
72
76
76
75
71
72
73
71
70
73
71
67
66
67
65
65
67
67
67
66
70
66
69
71
71
70
67
65
66
67
68
68
67
67
66
61
62
59
59
57
59
54
51
54
54
55
55
52
