48.96249359374998
51.53448884943182
50.01566079545453
56.21044549005683
55.28300326704546
60.33217523437501
61.53598718039771
63.75014322916665
63.1157158380682
63.76431249999999
55.42564247159092
45.27323348721591
41.282545490056826
37.13045039062501
35.15363162286931
37.79432318892045
42.03920262784091
45.10460010653408
47.16258522727273
44.1075149502841
45.94399459635418
47.786152166193204
45.96455784801137
40.645297975852266
36.86991805752841
36.034788227982965
36.68236352982955
35.28323718039773
34.140534250710225
38.8017214453125
44.04564208096591
41.75235967684659
40.59942485795454
40.45352975852273
39.233331640625
36.66758732244318
36.182709765625
34.792914932528404
32.165715252130674
35.061633629261365
36.03681253551136
32.547198774857954
34.6340244140625
37.59535589488637
25.301611683238637
0.0
0.0
0.0
0.0
0.0
0.0
0.0
0.0
0.0
0.0
0.0
0.0
0.0
0.0
0.0
0.0
0.0
0.0
0.0
0.0
0.0
0.0
0.0
0.0
0.0
0.0
0.0
0.0
0.0
0.0
0.0
0.0
0.0
0.0
0.0
0.0
0.0
0.0
0.0
0.0
0.0
0.0
0.0
0.0
0.0
0.0
0.0
0.0
0.0
0.0
0.0
0.0
0.0
0.0
0.0
0.0
5.170582466264191
46.27027580788352
69.41952229166665
71.7534060369318
61.51509250710229
59.279009872159094
46.289235085227276
38.39152072088068
35.66567919034091
34.324670312500004
37.20209758522728
36.92540919744318
43.41674783380682
46.328507031250005
46.772864417613626
49.61103334517045
53.694080255681826
55.25994868607955
57.26655763494319
56.30116139914773
58.74256296164774
58.6606895596591
61.737465092329565
60.76774964488636
64.4600823153409
66.51429367897727
68.70088205729166
61.790416512784084
57.02200095880681
51.33437816051136
45.170447762784086
35.98214868607955
33.44046305042613
27.701139133522727
30.80274802911932
35.159720205965904
39.809779971590906
43.82224272017046
35.873052965198866
36.14237823153409
35.72855944602273
35.37379220525568
37.28753114346591
39.81410720880682
38.43413469460227
38.34248348721591
37.94140667613636
36.91923977272727
42.319430681818176
43.10141473721591
47.75507063802083
42.32657347301136
40.47087869318182
37.51349595170455
33.04211321022727
28.05598739346591
25.43143119732481
23.518421484374997
27.090339524147726
30.575174751420455
40.23260337357955
43.649084978693175
41.990583469460226
46.21593899147728
45.633066660748106
46.98150021306819
42.758142897727254
41.76818693181818
36.65702006392046
35.48522947443182
35.63655738636363
34.51922080965909
36.4957924609375
36.95215838068182
37.60333735795453
31.709600230823863
28.790866299715905
26.361016281960232
21.410742436079545
19.660172425426136
20.651618430397725
19.08020369318182
17.177556942471593
18.232337659801136
20.714748455255684
33.87705914417614
30.99572881747159
32.81539582741477
32.74905981889204
31.773996644176137
31.42605983664773
31.003067649147727
33.01351374289773
33.27178751775568
30.660518394886367
30.08608185369318
34.22936127929688
33.193501686789766
33.97104955610796
30.62186876775568
27.73500188210227
25.243111168323864
23.422805291193182
19.28322224786932
17.151104137073865
14.109281685014208
15.043788991477264
15.18869980468751
10.299063068181818
19.58245477627841
0.0
0.0
0.0
0.0
0.0
0.0
0.0
0.0
0.0
0.0
0.0
0.0
0.0
0.0
0.0
0.0
0.0
0.0
0.0
0.0
0.0
0.0
0.0
0.0
0.0
1.2664336381392045
0.0
0.0
0.0
0.0
0.0
0.0
0.0
0.0
0.0
0.0
0.0
0.0
0.0
0.0
0.0
0.0
0.0
0.0
0.0
0.0
0.0
0.0
0.0
0.0
0.0
0.0
0.0
0.0
0.0
0.0
0.0
0.0
4.333482590553987
27.700635415039063
40.802100621448865
38.2745921875
34.293043700261265
28.87707045454545
27.304622176846593
26.04869021661932
25.646639044744322
25.054775656960228
24.921570223721588
23.96279509943182
26.460017311789773
30.488845685369316
25.841042294034093
27.51380005326704
27.927398401988636
26.77553322088068
26.143487659801135
25.622270703125
25.984471218039776
25.802547354403405
25.223909286221588
24.843529030539774
28.05327020507813
29.041239746093748
33.03312216796877
26.67272855113636
21.03789932528409
16.820378338068192
15.236859366122163
11.841341876775552
10.779597469815325
14.982443599076698
15.273000568181821
13.941878986150574
19.700043501420453
22.504399485085226
23.139101722301124
22.56207072088068
26.88198029119318
27.583035866477278
27.697395188210233
28.07355261008523
28.449993927556818
27.890107812499995
30.725030912642055
45.05271619318182
46.12431441761365
43.825220976562505
43.664322301136366
39.38122521306818
36.84669332386363
32.30125491832386
30.320153267045455
26.293511949573862
30.157643306107953
35.92311590909091
31.20796823508523
32.65839328835227
35.98499918323864
39.93488636363636
37.11471720525569
38.407573863636365
37.07509780421402
35.37095149147728
34.94613558238636
35.270970561079544
29.11433135653409
28.931091654829547
27.86515142045454
26.45100406605114
29.69652399414062
28.091868270596592
25.22732291666667
22.22196162997159
18.60879982244318
16.162555832741475
9.233284654651984
0.0
12.187491006747168
14.3609986772017
14.518648526278389
15.035636780894897
15.68317384588069
15.725909641335226
10.536228053977274
18.657287717507106
20.392654261363635
21.594125639204545
23.097141672585227
23.85411573153409
24.30660369318182
24.956200266335227
25.637617684659094
26.994858291903405
30.966576025390623
31.929182031249997
29.998991566051135
33.492635298295454
30.331998579545452
28.880452663352276
26.889319744318183
22.77163318536932
20.7811552734375
20.24255088778409
21.59250694247159
22.411467631392046
18.53184151722301
25.281544673295453
32.12424124644886
19.998252965198866
0.0
0.0
0.0
0.0
0.0
0.0
0.0
0.0
0.0
0.0
0.0
0.0
0.0
0.0
0.0
0.0
0.0
0.0
0.0
0.0
0.0
0.0
0.0
0.0
0.0
0.0
0.0
0.0
0.0
0.0
0.0
0.0
0.0
0.0
0.0
0.0
0.0
0.0
0.0
0.0
0.0
0.0
0.0
0.0
0.0
0.0
0.0
0.0
0.0
0.0
0.0
0.0
0.0
0.0
0.0
0.0
5.878756578480105
52.26072241654829
62.0028194424716
59.04927610085228
57.65431178977271
53.12888196022727
46.10273341619318
42.248707386363634
42.75962737926137
40.601765447443185
39.84807634943182
43.074448437499996
50.0576349786932
52.83001640625
50.457696839488634
50.85080848721591
51.33140980113637
54.36635124289773
52.90841750710228
51.84305323153408
50.831498046874984
50.93470039062501
51.90416452414772
50.69910092329545
53.75999820312502
54.84004673295454
51.34252326171876
45.44497088068182
49.08868540482956
46.972014062499994
43.97667784090909
40.973369176136366
39.40144467329546
38.18842045454546
38.576061079545454
41.327258451704544
46.31418966619319
49.38523220880682
46.72233103693181
47.272018394886366
47.00113902698863
48.93798167613637
51.72941835937501
53.41965951704546
53.63459474431818
53.66567627840909
54.140100000000004
54.927024715909084
58.09778011363637
59.595588203125
60.96312393465908
59.90107428977274
57.7414735085227
51.84044122869318
40.296475497159086
36.04169790482955
39.46338114346591
40.43117595880682
38.48367116477272
41.884140980113635
46.98550117187499
52.135658167613634
48.744898473011375
49.431474786931815
48.832458771306825
49.81846864346591
49.333785937500004
49.173363671874995
49.26279758522728
49.96560166903409
50.39977247869317
50.436845205965895
54.00517863281251
56.69681097656248
56.11694453124999
48.55954651988637
44.792561647727275
44.63393490767046
41.891419673295445
39.81530983664772
39.15445788352272
38.63010806107956
40.399072620738636
43.02484119318182
45.11917890624999
51.91780717329548
48.22187382812501
48.154710617897734
50.40206910511361
49.33876406250002
48.833631853693184
48.94028219166339
48.50314154829546
48.606315838068184
49.297484197443175
49.247553018465915
54.30978959517045
58.11218561789774
58.3047927951389
57.34825344460228
52.4605805057108
49.23410362726529
52.116007686519204
50.73445406831093
50.334463778409095
49.961722656250004
48.333836115056826
48.97242539062501
49.30846324573863
50.70612897727274
52.604811363636365
33.666638334517046
0.0
0.0
0.0
0.0
0.0
0.0
0.0
0.0
0.37881774236505633
0.0
0.0
0.0
0.0
0.0
0.0
0.0
0.0
0.0
0.0
0.0
0.0
0.0
0.0
0.0
0.0
0.0
0.0
0.0
0.0
0.0
0.0
0.0
0.0
0.0
0.0
0.0
0.0
0.0
0.0
0.0
0.0
0.0
0.0
0.0
0.0
0.0
0.0
0.0
0.0
0.0
0.0
0.0
0.0
0.0
0.0
0.0
5.5035236727627845
39.03415156693894
49.2757092578125
45.72249752347745
42.0283687254152
39.31335941051137
34.709960981149386
39.40430898437499
33.851726000236745
31.95455981889204
30.83315211292614
29.698753320312502
35.64423522727273
37.269799538352274
32.191315003551125
35.05840131392045
37.84403678977272
37.55990951704546
38.90795276988635
40.14351686789773
43.37028217329546
43.54753818063446
44.80330524976325
44.638205362215906
49.635104829545455
50.18692719578598
47.32459468749998
43.905817387885556
39.98189710582386
36.97564735440341
33.918637183357006
31.269635268702643
31.0984763671875
29.05274524147728
29.099716761363638
31.606498845880683
34.209274168136105
43.98175880681817
38.11527176254735
40.07781229876894
40.019751100852275
41.10515294744318
42.301339595170454
45.18471903409091
45.09563831676136
45.10913831676136
44.71691200284091
42.21475127840909
46.145942187500005
44.34689996093749
45.786848615056826
41.9462838778409
35.24648931107954
33.615471679687495
29.085845170454547
29.619665269886365
28.475475727982953
27.67398091264204
29.04712950994318
31.38206493252841
36.211351171874995
35.553236363636366
42.15153355823864
44.089911541193175
45.42144287485554
45.304373295454546
45.56268245738638
46.07736200284091
48.150813494318186
48.70056672585228
49.97856455965908
50.76199112215911
53.17447876420454
52.939277592329546
52.83719063946761
49.308987002840915
44.6541
38.71210372869319
32.06453604403409
31.337599733664778
30.339598538115524
29.8551576171875
30.313263707386362
37.262329829545465
41.971749289772724
45.38992855113637
40.89459261363638
41.02131125710227
42.152135014204546
43.43473821022729
40.69838263494319
44.518711363636356
48.65669463778409
52.00691786221589
51.32030061553032
51.38121590909091
55.57969360795453
56.27077578125
55.79723994140625
52.374997407670456
51.381058741714014
47.03901431107954
42.64831480823863
40.784971070276384
37.50754200994317
33.316755628551135
39.15203103693182
38.612439417613636
41.117286914062504
46.306359907670455
46.602213139204544
29.36334985795454
0.0
0.0
0.0
0.0
0.0
0.0
0.0
0.0
0.0
0.0
0.0
0.0
0.0
0.0
0.0
0.0
0.0
0.0
0.0
0.0
0.0
0.0
0.0
0.0
0.0
0.0
0.0
0.0
0.0
0.0
0.0
0.0
0.0
0.0
0.0
0.0
0.0
0.0
0.0
0.0
0.0
0.0
0.0
0.0
0.0
0.0
0.0
0.0
0.0
0.0
0.0
0.0
0.0
0.0
0.0
0.0
5.328631090198854
46.23005166903409
59.35879623579546
58.61081818181819
55.654546022727274
50.08306001420454
50.97598412642046
49.040256498579545
46.88444907670455
46.065321732954544
41.05078316761362
48.2145478219697
52.629221875000006
56.31849545454545
50.69252496448864
49.54144985795454
50.04964378551137
49.846404794034086
50.58201548295455
51.294919957386355
51.77142496448864
50.70388661221591
50.64358313210226
50.42014066051135
55.3527548650568
57.54415529119319
52.94978576171875
49.595518223248106
45.89163849431817
44.460803196022724
43.40704424715909
40.71231058238636
36.8515352627841
38.20354191687891
36.6922611328125
36.735654261363635
41.44889364346591
47.548534481534084
46.424046768465914
50.59642063210228
51.451806640625
48.76804307528411
49.86279559659091
51.77652734375
52.75266349431818
50.4572685369318
51.635721377840916
55.67279747869318
58.411022123579535
64.70268227982955
64.17194962890626
61.51495365234374
55.6598741122159
51.535001455965904
50.513629332386365
42.65098174715911
36.784656676136365
34.791229154829544
33.78271155894886
39.21546977982955
45.91416857244318
48.60446576704546
47.62130511363637
53.232915909090906
55.79055622040719
54.18674559659092
54.77544843749999
56.70649066051135
60.860731463068184
61.581090767045445
62.934568359375
62.47764041193184
62.92759889914774
65.42776835937501
64.25533703835228
62.172211576704555
58.68752830255681
55.19938955965909
48.45614272017045
50.94947531960227
56.26220376420452
54.32825383522727
53.54295841619319
51.02583810369319
58.20278295454546
59.450692507102275
55.03647230113634
54.29189389204546
55.82005791903409
57.73609232954545
59.76213984375
58.55213707386365
59.358523899147734
58.914809126420444
59.7117748934659
61.7830348721591
66.84133316761364
70.16082386363637
63.111315411931834
61.87186637073862
60.73486782670455
54.03056644176137
50.58671914062499
43.87792631392045
39.506375852272726
36.02315969460228
35.59653114346591
44.33167088068182
45.158649999999994
48.640103515624986
49.257074822443194
32.46662484019886
0.0
0.0
0.0
0.0
0.0
0.0
0.0
0.0
0.0
0.0
0.0
0.0
0.0
0.0
0.0
0.0
0.0
0.0
0.0
0.0
0.0
0.0
0.0
0.0
0.0
0.0
0.0
0.0
0.0
0.0
0.0
0.0
0.0
0.0
0.0
0.0
0.0
0.0
0.0
0.0
0.0
0.0
0.0
0.0
0.0
0.0
0.0
0.0
0.0
0.0
0.0
0.0
0.0
0.0
0.0
0.0
5.456110240589498
38.91448033558237
52.63391257102273
53.38166487926137
48.52757858664772
45.39163345170454
44.32586171875
40.13769023437499
39.948950923295456
38.1037678622159
37.87339829545454
37.23985635653409
37.56882990056818
39.09476267755683
35.570274556107954
36.70920056818182
37.22153029119318
38.07244833096591
37.898769034090904
37.904937642045454
37.593160227272726
37.04507297585227
37.57079762073863
37.55439382102273
41.90197904829546
42.62918774857955
40.15635198863637
35.80258682528409
34.317634357244316
32.884270507812495
31.33455131392046
32.184793572443176
30.943837233664773
31.906864186789768
30.248072904829552
31.37773370028409
36.11689506392045
39.224668678977274
35.33867434303978
36.31677398792614
36.77970836292614
37.18122958096592
37.57143309659091
38.09317325994318
38.68259133522727
39.30563050426136
40.73428110795454
41.30722328361742
46.00059268465908
46.35667123579544
47.88342127130682
43.364636647727274
40.65711136363637
35.74156352982954
36.337192024637545
31.578059392755677
26.476336718750005
13.578538796164771
38.75809225852272
32.7983193359375
35.602939897017045
41.27050355113636
40.949564524147725
43.753718607954546
46.435401207386356
47.42662531960227
48.696249609374995
50.75019161931818
51.346994105113644
52.406352947443196
52.69172109374999
53.26690213068182
56.921839240056826
59.174424005681814
57.62425916193181
53.555360227272736
50.29896892755682
48.011691015625
41.07814193892045
36.510640092329545
32.74311138139205
14.692589524147728
38.41865046164773
34.717444637784084
34.77434699928977
42.13521420454545
41.649011558948864
44.55293022017046
47.981254320549255
48.53578661221591
49.203952840909096
51.59924073153409
52.84702869318182
53.849091335227286
53.722569921875014
53.666351811079544
57.034915553977264
58.80741896306817
61.32451424005683
60.50825191761364
55.26227723721592
47.50412961647728
40.81395752840909
32.37677127130682
26.014567116477277
15.349455770596592
23.508943847656248
30.800320942826705
17.735102854225854
30.065382102272725
32.86704937855114
22.33017341974432
0.0
0.0
0.0
0.0
0.0
0.0
0.0
0.0
0.0
0.0
0.0
0.0
0.0
0.0
0.0
0.0
0.0
0.0
0.0
0.0
0.0
0.0
0.0
0.0
0.0
0.0
0.0
0.0
0.0
0.0
0.0
0.0
0.0
0.0
0.0
0.0
0.0
0.0
0.0
0.0
0.0
0.0
0.0
0.0
0.0
0.5519747958096591
0.0
0.0
0.0
0.0
0.0
0.0
0.0
0.0
0.0
0.0
5.7996881392045365
47.89467713068182
62.361415553977274
64.57209595170454
60.017770241477294
54.06044577414771
49.00532034801135
43.769019389204544
39.20054534801137
31.772469637784084
38.35810931729404
38.860704119318186
40.186627024147725
44.871811718749996
43.44813584872159
47.887627947443185
51.24112034801136
54.65784154829544
54.31166420454545
55.8713198153409
56.39116828835228
59.46528061079546
60.45018568892046
55.17298004261363
56.47984318181818
57.462193430397726
55.75812851562498
58.08029066051136
53.18138519176136
51.08951019176138
47.166476029829546
43.93787400568181
41.30966743607954
38.34290550426137
37.20857120028409
39.92309470880682
41.571137393465904
42.09678405539774
33.99284696377841
36.04511764322916
36.553145596590916
35.72015390625001
36.427288955965906
37.82932827888257
43.3430598248106
47.2292107244318
51.44668359375001
48.01571509232954
49.840226917613634
49.22018536931819
51.83110763494317
48.687539311079554
46.62894886363636
44.762283380681815
38.427915447443176
33.21992521306819
30.206954438920455
30.344935671164773
27.394123952414773
30.590311203835224
35.67803918678977
40.46290216619318
38.721029296875
41.56047237215909
43.07162890625
48.131551740056814
49.996833948863646
52.75566163589016
54.67346670809658
56.07001804569129
57.86913351089016
58.88966112097539
62.74890136718751
59.957289092092815
61.13115546283143
62.89131050544507
44.82990592743845
44.34890853456439
40.6009153409091
35.810136627604166
32.45755348011364
24.524587730823864
9.108129438920455
35.91366772017046
31.821558700284093
41.43701612215909
47.63446384943182
50.59897123579546
55.39252840909092
53.85930497159092
50.599342542613634
49.88393792613636
43.57130841619318
44.25804186789773
46.00894311079545
45.10620646306818
44.97964790482954
43.85512950994319
44.29848671874999
32.41297310014205
30.390300656960232
28.390819531250006
26.987639293323863
24.37881455965909
24.774387215909087
21.60736047585227
28.206777929687497
31.795959730113633
28.86335197088067
30.74163977272727
29.515328728693188
19.043122514204548
0.0
0.0
0.0
0.0
0.0
0.0
0.0
0.0
0.0
0.0
0.0
0.0
0.0
0.0
0.0
0.0
0.0
0.0
0.0
1.0303851518110796
0.0
0.0
0.0
0.0
0.0
0.0
0.0
0.0
0.0
0.0
0.0
0.0
0.0
0.0
0.0
0.0
0.0
0.0
0.0
0.0
0.0
0.0
0.0
0.0
0.0
0.0
0.0
0.0
0.0
0.0
0.0
0.0
0.0
0.0
0.0
0.0
4.879357315340907
41.340651917613634
56.70370266816738
49.12951551846592
44.55749623579545
41.90171111505682
39.05159850852272
35.03062872869318
33.847436008522735
27.34540799005682
29.195874658968453
29.98537228338068
38.272501029829556
48.25605429687501
45.62163607954546
43.29853007812499
42.825595703125
43.51623742897727
45.49498192471591
46.19347787642045
44.351217436079544
44.68714545454546
45.715811399147725
46.660624680397724
51.13588373579545
52.27372468039773
52.92668185369319
47.15841090198864
46.894575639204554
40.35376938920455
36.47435102982955
34.344268465909096
36.093870703125
36.18420518465909
33.71752077414773
29.104131480823867
34.661266139914765
36.033807705965906
34.8664986328125
37.59247819602273
39.61448510298296
42.24779989346591
46.17831779119318
46.27250646306818
45.72190067471591
45.61219378551136
45.19407602982954
45.67410383522726
50.935398615056826
52.55203267045456
56.16615102982953
52.824320312499985
44.195462784090914
32.55953845880681
29.61678913352273
29.63537716619318
30.280660529119316
30.77794776278409
32.02443409090909
32.130608487215916
38.48492894176135
42.73695461647728
39.482389488636365
38.81207034801136
38.87162503551136
40.718219318181816
40.338513139204544
40.54390909090909
40.40996331676137
40.468287073863635
42.10355184659091
43.84663153409091
48.00687681107954
47.01569382102272
48.4175025568182
44.671426846590926
39.98031178977273
33.62209183238636
28.970044549005685
27.491344122869318
24.756719247159086
24.018465163352275
22.961582421875004
25.087315092329547
29.878034339488636
33.76900587713068
29.90767908380682
33.444026331676135
33.79926512784091
34.73957919034091
34.91531285511364
34.33840124289773
33.86360731534091
34.25270216619318
33.30233107244318
36.968548295454546
44.785777556818175
46.84621828835227
50.22655031960226
42.936971661931814
38.242566654829545
33.5360501953125
33.85131317471591
31.315743217329544
29.931452485795457
29.112371519886366
27.628816956676136
27.552609783380674
26.058944060724425
31.728892027698866
35.876940731534084
24.24067072088068
0.0
0.0
0.0
0.0
0.0
0.0
0.0
0.0
0.0
0.0
0.0
0.0
0.0
0.0
0.0
0.0
0.0
0.0
0.0
0.0
0.0
0.8562613547585228
0.0
0.0
0.0
0.0
0.0
0.0
0.0
0.0
0.0
0.0
0.0
0.0
0.0
0.0
0.0
0.0
0.0
0.0
0.0
0.0
0.0
0.0
0.0
0.0
2.03328788618608
0.0
0.0
0.0
0.0
0.0
0.0
0.0
0.0
0.0
5.0740408425071
29.676783975497177
41.002947762784096
39.70298892045455
35.2110578125
31.33363279474432
25.25842112926136
19.441532848011363
18.319077636718752
18.663702521306817
25.519727237215907
41.79611725852274
39.012348330965914
37.69402269176136
32.50573892045455
37.21528325639205
38.386047839725386
39.55331867897728
39.88945276988636
41.20024158380682
42.03175344460227
43.92899985795455
43.9628180752841
43.628090731534094
47.260845916193176
48.176669495738636
47.695259019886365
41.16471147017045
35.64925147372159
30.843817223011364
25.505308096590912
23.134584534801135
15.030174920099437
14.231790145596584
26.937238727361503
29.632935298295447
37.272322638494316
37.70870369318181
33.28066017400568
37.43496972656249
40.17149080255682
41.262978089488634
43.249387322443184
42.93579588068183
42.78472990056818
45.87709673295455
44.80062737926135
44.67423338068182
49.815213281249996
52.06141725852272
51.62762968749999
48.43826906960226
44.196324538352286
38.88283465909091
34.696920419034086
34.855617240767046
28.571811488538405
28.04626697443182
32.67485752840909
29.72734620028409
34.24064888139205
35.90826654829545
32.118869584517036
33.76043077059659
36.35601853693181
36.85641175426136
38.107231853693186
38.699306392045465
38.08655387073864
38.53332237215909
39.09986040482954
41.09468206676137
47.02429488636364
47.166274928977266
45.09584705255681
42.675206285511365
37.11166051136364
33.42649316406249
28.959464879261365
27.797180735085227
25.204158398437503
24.162867720170457
21.546219193892046
25.734028373579545
26.86935234375
29.28106898082386
31.443994531250006
38.824334375
40.61059030539772
45.273789417613635
48.32292354403409
51.60708171164774
52.58521370738636
52.63274449573864
48.419140198863644
46.216645134943185
48.78549375
46.51456487926137
44.74445124289773
40.81114875710227
33.84493645241477
29.90297819602273
25.75592945667614
24.046938014914772
21.040914275568184
20.267796075994315
22.114403675426136
21.028341921164774
14.947955628551137
24.89851882990056
33.2609171875
23.11917040719697
0.0
0.0
0.0
0.0
0.0
0.0
0.0
0.0
0.0
0.0
0.0
0.0
0.0
0.0
0.0
0.0
0.0
0.0
0.0
0.0
0.0
0.0
0.0
0.0
0.0
0.8512760165127845
0.0
0.0
0.0
0.0
0.0
0.0
0.0
0.0
0.0
0.0
0.0
0.0
0.0
0.0
0.0
0.0
0.0
0.0
0.0
0.0
0.0
0.0
0.0
0.0
0.0
0.6754125177556818
0.0
0.0
0.0
0.0
6.537288325639209
33.93512750355113
39.36017443181818
35.77817650923296
33.13731262428977
28.986171963778407
28.16594389204546
25.79625870916194
20.4840921875
20.0852359375
17.328241876775564
19.709653302556816
19.77063527166193
26.629659747869322
25.565408868963065
28.35863268821022
31.06378963068182
36.65516899857955
36.380681072443174
35.587351988636364
34.76862546164773
37.05473448153409
33.09908313210227
31.83157528409091
37.4598345703125
33.716796839488644
32.13082409446022
28.194508860085225
25.199111416903406
23.160697407670458
19.366091779119316
19.243773135653413
16.038126713423296
9.171874112215905
5.149051944247165
8.243891814630674
12.435424129971596
23.444773153409088
24.26878031782671
28.301357191051135
30.38375529119318
36.26068082386364
35.85350930397727
42.178026775568185
44.664077840909094
49.16094953835226
51.92442382812501
53.73781253551136
60.014524538352255
61.847917258522735
58.35694786931818
47.390844779829536
41.024513103693174
29.755892063210226
29.911995401278407
25.756463370028413
21.4756736328125
16.618307075639212
6.782267063210236
25.835069451349433
36.69632153764204
29.32096377840909
30.79318947088068
36.131649325284094
41.06490696022728
44.37032105823863
48.0228393465909
51.443240092329546
54.887614950284096
55.383491122159086
56.255269637784075
57.737021519886405
60.53403494318183
61.11185699573864
58.624374431818175
43.65784140625001
35.23065816761363
30.07173098366477
25.652947993607953
19.127639772727274
14.728685742187501
6.160913458806817
5.604016117720165
15.191978830788354
27.0935134765625
21.709274090021303
25.85520067471591
30.74827571022727
36.43051628196023
40.69715944602273
42.894935511363634
45.97582546164773
43.85056931818181
42.876638778409095
44.06729389204545
46.37060671164773
51.65425124289772
54.15437922585229
57.50834843750001
48.40090049715909
40.516912961647726
32.63870935724432
26.82635461647727
26.2618674281201
27.699883451704547
27.737948952414772
25.122258238636366
25.168381605113634
22.609915283203126
31.426688778409094
34.01327972301136
20.8443791015625
0.0
0.0
0.0
0.0
0.0
0.0
0.0
0.0
0.0
0.0
0.0
0.0
0.0
0.0
0.0
0.0
0.0
0.0
0.0
0.0
0.0
0.0
0.0
0.0
0.0
0.0
0.0
0.0
0.0
0.0
0.0
0.0
0.0
0.0
0.0
0.0
0.0
0.0
0.0
0.0
0.0
0.0
0.0
0.0
0.0
0.0
0.0
0.0
0.0
0.0
0.0
0.0
0.0
0.0
0.0
0.0
5.623167773437518
52.4795337446733
65.39997120028407
58.44781592352285
46.42304907670454
35.720490625000004
34.39374696377841
28.057973703835227
24.482014879261364
18.14364056285512
9.163703773082402
7.076317520419028
18.693627725497166
29.903877556818188
27.07717338719223
29.535127911931816
32.7136205078125
34.9439713778409
36.49214442471591
37.64928522727273
41.66311193181818
45.696690234375
48.648464062500004
49.47717166193181
54.17190504261364
57.566653870738634
57.691922336647714
48.698440269886355
30.71147611860796
24.41680147372159
17.66499639559658
8.086894726562514
0.0
0.0
0.0
1.8133228826349437
2.296146559836647
12.291159286221585
13.34100077681108
20.337533664772725
24.882860990767043
27.416789240056822
31.441318394886363
32.39159066051136
37.343857492897726
40.03303380681818
41.97011221590908
43.244981995738634
48.393236647727285
50.29225770596593
51.02681768465909
37.355770543323864
24.76988602627841
19.151217755681827
11.315195134943178
0.0
0.0
0.0
0.0
0.0
15.669682750355115
12.69097567915483
20.916466521661935
25.51119614701705
26.15810933028199
27.096844708806817
27.788020398319137
28.266611416903412
28.967987464488637
33.18158103693182
32.73492258522727
33.2792296875
39.18765827414773
39.8982014559659
41.666618004261366
36.37642475142045
35.66207093394887
31.627372141335226
29.11194694602273
28.610788659667957
26.653114861505685
30.737741814630684
30.030318217329548
30.289362872869322
31.779791051136364
34.042548295454544
29.950219495738644
31.552622088068176
32.82229185145728
32.21289456676136
33.10170022786459
33.257622887073865
34.36412704190341
34.968553693181825
35.779274360795455
36.12532013494318
41.132664062500005
40.09932375710227
43.987346732954556
39.628611612215906
36.827875710227275
33.71227817826705
32.77103783735795
29.643101615767048
23.85318329190341
24.05243485440341
24.187882759232956
26.80429577414773
29.01530958806818
32.88712913707386
34.14068103693182
21.579053480113636
0.0
0.0
0.0
0.0
0.0
0.0
0.0
0.0
0.0
0.0
0.0
0.0
0.0
0.0
0.0
0.0
0.0
0.0
0.0
0.0
0.0
0.0
0.0
0.0
0.0
0.0
0.0
0.0
0.0
0.0
0.0
0.0
0.0
0.0
0.0
0.0
0.0
0.0
0.0
0.0
0.0
0.0
0.0
0.0
0.0
0.0
0.0
0.0
0.0
0.0
0.0
0.0
0.0
0.0
0.0
0.0
5.468279456676125
52.32339919211647
66.78929669744318
61.25408409090908
50.348999254261365
35.80937219460227
26.65259591619318
23.687338334517047
22.136291992187502
15.67400253906249
22.907764453125
22.396922088068184
27.03549012784091
27.88137120028409
25.40363515625
29.93602938565341
33.5907339215472
37.959717157907185
39.85932397017046
37.93327276278409
37.289834055397726
37.35104169034091
39.17988987926135
39.42830209517045
43.21659272017044
43.50288480113637
47.38831395596591
36.21363829900568
29.111238458806824
24.29159133522727
21.072930628551138
15.72606325461647
16.936229873934664
20.15849162819602
18.648341228693184
20.497504811789774
25.01404339488636
28.946021750710223
24.8859366743608
25.744667009943182
26.866248695794923
26.948370087594697
27.5833529296875
31.270816796875
32.79069018110795
33.00867404119319
36.28692315340909
36.715583203125014
41.60544946732954
41.07704208096591
44.878577734375
39.00145848721591
37.53950266335227
36.15980259232955
35.1221327059659
35.195576633522734
33.567307830255686
31.855476065340905
30.444632031250002
31.092226988636366
31.11149737215909
32.03939502840909
32.76249920099433
34.30888110795455
34.93890922202797
34.81885307173296
35.295226669034086
35.632233345170455
36.89232397017045
38.45401526988637
38.98260308948863
39.171813139204545
43.85369449573863
44.117578124999994
48.34120202414773
40.25351534090909
31.956985493607952
28.420803888494312
23.46917457386364
20.01583815696023
19.011196324573863
18.113960901988637
21.16348858309659
30.670411239346592
36.166328231534095
35.42587581676136
31.95622414772727
34.771502734375005
34.308296145651234
33.36393822206439
31.67355793678977
31.455213991477265
31.762457226562503
34.080370081676136
35.229734161931816
36.36443781960227
43.68447947443182
43.01337045454545
44.302245042067305
38.03982322443182
33.09783051537376
29.80508325639204
27.16558291903409
27.00674636008523
23.4060142578125
23.856538671875
23.330656285511363
22.89282689985795
22.8152736772017
24.86433499644886
28.539719300426135
18.878729811789775
0.0
0.0
0.0
0.0
0.0
0.0
0.0
0.0
0.0
0.0
0.0
0.0
0.0
0.0
0.0
0.0
0.0
0.0
0.0
0.0
0.0
0.0
0.0
0.0
0.0
0.0
0.0
0.0
0.0
0.0
0.0
0.0
0.0
0.0
0.0
0.0
0.0
0.0
0.0
0.0
0.0
0.0
0.0
0.0
0.0
0.0
0.0
0.0
0.0
0.0
0.0
0.0
1.9397891601562507
0.0
0.0
0.0
4.866922838245743
33.61228991033381
42.209799449573865
42.18947336647727
38.702761541193176
34.661609801136365
31.55648654119318
34.68672689985795
36.26010783025568
29.862629261363637
27.96255814985795
27.376361186079542
26.323580468749995
29.78917961647727
24.908534472656264
30.00076180752841
34.0381360440341
35.29609346590909
33.13429410511364
34.69946296164773
33.65060921519886
29.018879740767044
26.276548330965912
20.45950733309659
28.341142134232953
28.287002610085224
32.499370490056826
26.308207262073868
15.610217125355138
27.42550653409091
21.381091956676137
17.294841894531256
19.429586416903405
22.604662571022725
15.151876811079553
5.003863489879266
9.383890656072444
24.493989506392044
21.578342311789775
32.985776384943186
36.137853675426136
35.21317397017045
35.36361772017045
38.65991846590909
37.01947336647728
36.45224069602273
36.97669396306818
39.23655962357954
42.96455713778409
43.170329438920454
42.168831178977264
40.298031285511364
31.63749952059659
30.962489825994318
26.825821857244318
27.951759730113636
31.790757102272725
30.28585786576704
24.278668270596594
24.567917436079544
20.39053045099432
24.79665463423295
27.80387466264205
30.047854030539767
30.38501853693182
32.06056754261363
33.175964009232956
33.48849549005682
37.29019286221591
37.62345376420455
36.82658291903409
36.599314914772734
41.4656422940341
41.517042294034084
43.68239261363636
42.01440696022728
39.02514634232954
37.25019818892045
34.023205273437505
32.823688174715905
28.04352253196023
20.333298455255683
23.822364630681818
21.740246537642044
25.53327805397727
31.634779066051134
28.602331463068182
34.233178924005685
36.52226598011364
40.01540568181818
41.493908913352264
43.224587677556826
44.175219069602285
47.121853906249996
51.56327372159091
55.286979651988624
60.710544353693194
61.286019921875
66.52285745738637
60.274030291193164
50.23513419744318
37.42278920454545
34.58415358664773
32.12189305752841
27.369836505681818
24.957726740056817
25.348721519886364
24.414673437499996
17.561528364701704
23.429787908380682
24.553981658380682
15.745296075994316
0.0
0.0
0.0
0.0
0.0
0.0
0.0
0.0
0.0
0.0
0.0
0.0
0.0
0.0
0.0
0.0
0.0
0.0
0.0
0.0
0.0
0.0
0.0
0.0
0.0
0.0
0.0
0.0
0.0
0.0
0.0
0.0
0.0
0.0
0.0
0.0
0.0
0.0
0.0
0.0
0.0
0.0
0.0
0.0
0.0
0.0
0.0
0.0
0.0
1.5284855379971547
0.3251543545809659
0.0
0.0
0.0
0.0
0.0
5.211736518998565
44.81177614968041
54.96686384943182
55.38044279119317
51.966562109375
47.11392123579546
45.53461938920455
43.269545134943186
41.77577155539773
38.86145152698863
34.26397807173296
33.907058327414774
36.38467965198864
34.251713689630684
23.239592489346588
35.4355391068892
37.89098623934659
43.36446484375
46.6620047940341
50.920188494318175
53.68786235795455
55.50545021306819
57.294279048295465
58.26450568181818
62.69963970170457
64.59442933238637
67.4259172940341
61.92794513494319
49.8759522372159
37.985275053267046
23.58554737215909
17.938070268110803
15.349604607599424
8.669196728515626
12.801600088778429
13.855755069247165
15.400410537997145
19.456050443892046
12.420034321732954
20.74773986150569
25.320180024857958
30.303160404829544
35.622241033380675
36.409256569602285
39.538290198863635
42.61811044034091
42.681200390624994
43.85055308948865
49.75428437500002
51.4519883877841
56.01207251420454
48.96387350852273
38.135062890625
30.76031143465909
30.28073615056819
28.199573987926144
27.30652579900568
25.350411328125002
24.646924928977274
26.162723952414773
22.168221147017046
17.02519092684659
9.3369919921875
30.49501339666192
26.907580788352274
30.13665736860796
35.12146599786932
37.711906924715905
40.10916598011364
40.536443430397725
43.528016796875
43.710433735795455
45.33558188920454
43.849700426136366
42.99938757102273
35.082828355823864
23.389363973721593
18.04723478338068
7.991078852982951
0.0
0.0
0.0
0.0
0.0
0.0
0.0
0.0
0.0
11.235165558416188
10.8351263893821
18.267351953125
21.006769868607954
23.110806161221593
25.441554119318184
26.978467240767042
28.237191850142043
35.25285385298296
40.274237464488635
36.47456182528409
30.945429705255684
19.71685733309659
4.194059064275568
0.0
0.0
0.0
0.0
0.0
0.0
0.0
0.0
0.0
0.0
0.0
0.0
0.0
0.0
0.0
0.0
0.0
0.0
0.0
0.0
0.0
0.0
0.0
0.0
0.0
0.0
0.0
0.0
0.0
0.0
0.0
0.0
0.0
0.0
0.0
0.0
0.0
2.338194664417609
1.533092307350851
0.3568144708806818
0.0
0.0
0.0
0.0
0.0
0.0
0.0
0.0
0.0
0.0
0.0
0.0
0.0
0.0
0.0
0.0
0.0
0.0
0.0
0.0
0.0
0.0
0.0
0.0
0.0
0.3091613924893464
5.044810236150568
21.7810382412997
29.9603509765625
26.989679509943183
23.98754602272727
18.68089436257102
14.39232246093751
11.860188751775574
3.265690598366477
0.0
0.0
0.0
0.0
7.769406312144886
9.287335005326703
15.962406250000004
20.875905726207378
25.458572141335228
28.20422970525568
29.71257418323864
31.22976384943182
36.519447993607955
35.78503167613636
35.52794833096591
39.7723985440341
39.61504818892046
38.159394460227276
30.573567720170455
17.853165225497175
0.0
0.0
0.0
0.0
0.0
0.0
0.0
0.0
0.0
0.0
0.0
0.0
0.0
0.0
5.7540699485085245
3.3839627574573865
10.351616579367903
16.153153995028426
17.670334987571028
24.969541104403405
27.622595862926133
26.301184410511368
16.903345232599428
0.8874789861505691
0.0
0.0
0.0
0.0
0.0
0.0
0.0
0.0
0.0
0.0
0.0
0.0
0.0
0.0
4.916195769708803
2.6288929243608
9.81429742542614
11.949333602627837
14.393247092507085
22.40838176491476
26.553373401988633
23.8475203125
20.265964151278407
14.927152210582392
4.556846972656263
0.0
0.0
0.0
0.0
0.0
0.0
0.0
0.0
0.0
0.0
9.355065949041188
7.761778870738633
6.979541641512779
9.372493821022733
14.821586523437492
15.852756249999999
18.727578977272728
19.47008483664773
26.82942274502841
28.216722993607956
28.34737100497159
22.000557475142042
21.1507220703125
17.46165419034091
9.986255313387783
1.9925346058238638
0.0
0.0
0.0
2.037616335227274
7.309246280184669
11.272724782492903
6.31497806729403
11.065890411931814
0.0
0.0
0.0
0.0
0.0
1.9028098721590907
0.0
0.0
0.0
0.3316279740767045
0.31355043945312544
0.0
0.0
0.0
0.0
0.0
0.0
0.0
0.0
0.0
0.0
0.0
0.0
0.0
0.0
0.0
0.0
0.0
0.0
1.6815469970703127
0.80654346147017
0.0
0.0
0.7945019975142041
0.4391753196022727
0.0
0.0
0.0
0.0
0.0
0.0
0.0
0.0
0.0
0.0
0.0
0.0
0.0
0.0
0.0
0.0
0.0
0.0
0.0
0.0
1.8392106223366478
5.347419029651989
29.259161421342323
42.926644495738635
31.95678103693182
18.832617933238634
5.180506964666197
0.0
0.0
0.0
0.0
0.0
0.0
0.0
0.0
0.0
0.0
5.149307348632817
6.845131281072443
15.150126198508518
18.529015465198864
18.397161523437493
18.61927001065341
23.567108380681816
26.663667151988633
34.49535696022728
38.34571850142044
36.996440731534086
24.776758611505684
17.04983608842329
3.494799094460227
0.0
0.0
0.0
0.0
0.0
0.0
0.0
0.0
0.0
0.0
0.0
7.206012286931813
6.151483451704559
17.3907496981534
21.863703551136364
24.378342631392044
26.964419069602272
30.30087757457386
36.54460323153408
40.09764683948863
35.827742276278414
28.87382743252841
28.0645314453125
26.519529634232956
21.22763098366477
14.964817196377853
6.592548845880692
0.0
0.0
0.0
0.0
0.0
9.913491792436083
9.753655286754277
7.472148632812496
13.826768288352275
16.662246013849423
20.772794406960227
21.708615429687498
26.002890607244318
27.62186782670454
35.36241368963068
40.31914250710227
43.37507883522728
41.42839509943182
30.097472638494313
22.365097141335227
13.914981028053955
1.4670230113636364
0.0
0.0
0.0
0.0
0.0
0.0
0.0
5.417466530539786
0.31555743075284093
3.2547008212002893
15.14274865944602
18.699361949573866
21.779239151278407
23.939141921164776
25.811696484375002
26.142389204545452
29.374316672585223
36.74992033025568
40.171110049715914
39.47772439630682
27.916323950195316
15.03438258611505
0.0
0.0
0.0
0.0
0.0
0.0
0.0
0.0
0.0
0.0
0.0
0.0
0.0
0.0
0.0
0.0
0.0
0.0
0.0
0.0
0.0
0.0
0.0
0.0
0.0
0.0
0.0
0.0
0.0
0.0
0.0
0.0
0.0
0.0
0.0
0.0
0.0
0.0
0.0
0.0
0.0
0.0
0.0
0.0
0.0
0.0
0.0
0.0
0.0
0.0
0.0
0.0
0.0
0.0
0.0
0.0
0.0
0.0
0.0
0.0
0.0
0.0
0.0
0.0
0.0
0.0
0.0
5.738600372869318
16.629411155007094
25.759624964488637
27.578387162642045
22.984088334517043
22.688006853693185
20.332403373579545
19.12935625
18.075401118607957
17.366933868963063
14.738276899857944
16.54422650035512
15.961678275923298
19.938533709161934
13.293283114346591
17.39963079723012
22.249318803267045
23.870847656249996
27.203896004971593
24.658732830255687
27.360861061789766
31.30887732599432
33.41826615767045
38.18430727982954
41.577179154829544
46.84171147017046
44.792888352272726
30.56346580255682
23.867521431107956
16.69436703657669
14.354925124289785
10.490865829190357
12.93576166548296
10.865389269120065
16.35220514026989
3.414317378373579
6.618320179332381
11.52316920276989
6.973672558593749
16.999177907492903
19.88513605291194
25.143472123579546
34.71270603693181
36.56484627130681
40.97198110795454
41.63556828835227
43.80902730823864
44.16902311789773
48.16576381392045
51.207456995738646
45.40736171875
31.208002328797843
26.327553557871273
20.56260420809659
8.548231116832385
1.12252646040483
3.310571315696023
0.0
0.0
2.495479767400568
5.334906263316767
11.504060316051131
7.961969282670455
12.072662193714486
11.552835617897728
17.59919050958806
19.083296954900565
21.15777879971591
18.873017116477275
19.250788769531244
20.12900342684659
21.934029474431817
28.437102024147727
31.800297354403412
28.663890802556818
21.355319223280762
14.081429660936955
13.228882892400575
7.4920418678977265
14.572472922585218
10.679885094105101
15.561702858664763
17.657159712357956
17.97497611860795
22.370121946022724
23.64486990411932
17.12142856001421
24.51157174183239
24.88992144886364
26.620299200994317
27.198582333096592
31.301324112215912
34.21230294744318
37.00670639204545
38.950047478693186
40.339954119318186
44.63097038352274
43.83551502130681
43.13798149857954
38.06660298295454
34.188656498579554
32.331066157670456
27.905323490767046
27.918517578124998
27.918517578124998
27.918517578124998
27.918517578124998
27.918517578124998
27.918517578124998
27.918517578124998
27.918517578124998
27.918517578124998
27.918517578124998
27.918517578124998
27.918517578124998
27.918517578124998
27.918517578124998
27.918517578124998
27.918517578124998
27.918517578124998
27.918517578124998
27.918517578124998
27.918517578124998
27.918517578124998
27.918517578124998
27.918517578124998
27.918517578124998
27.918517578124998
27.918517578124998
27.918517578124998
27.918517578124998
27.918517578124998
27.918517578124998
27.918517578124998
27.918517578124998
27.918517578124998
27.918517578124998
27.918517578124998
27.918517578124998
27.918517578124998
27.918517578124998
27.918517578124998
27.918517578124998
27.918517578124998
27.918517578124998
27.918517578124998
27.918517578124998
27.918517578124998
27.918517578124998
27.918517578124998
27.918517578124998
27.918517578124998
27.918517578124998
27.918517578124998
27.918517578124998
27.918517578124998
27.918517578124998
27.918517578124998
27.918517578124998
27.918517578124998
27.918517578124998
27.918517578124998
27.918517578124998
27.918517578124998
27.918517578124998
27.918517578124998
27.918517578124998
27.918517578124998
27.918517578124998
27.918517578124998
23.596576864346602
7.572272336647723
0.6986011874112217
0.0
0.0
0.0
0.0
0.0
0.0
0.0
0.0
0.0
0.0
0.0
0.0
0.0
7.94952639604048
0.0
6.830978595525565
0.0
4.478592089843746
0.0
5.3249264559659135
3.13266259765625
1.1861631214488637
0.0
0.0
0.0
0.0
0.0
0.0
0.0
0.0
0.0
0.0
0.0
0.0
0.0
0.5992674183238632
10.020322709517043
11.092989630681817
12.000592542613646
13.625030486505688
17.923126447088062
17.360603941761354
14.139747159090927
21.377940216619326
23.950764914772723
21.659733149857956
13.700142542613644
0.0
0.0
0.0
0.0
0.0
0.0
0.0
0.13219562766335272
4.48265595703125
3.61662534179688
0.0
5.647804034978692
4.435824600497154
11.391835706676146
11.14126776455966
14.58675182883523
15.457472869318167
17.157741779119316
15.31237096946022
17.654927539062502
24.124777832031256
26.53369128196023
24.355480379971592
19.82914435369318
10.687069025213079
5.4256858531605054
0.0
0.0
0.0
0.0
0.0
0.0
0.0
0.0
0.0
0.0
11.344554088245735
10.824578648792608
14.616038884943178
17.578589124644893
17.310745614346594
18.977814666193183
18.72992484019886
20.019569406960226
25.35887794744318
26.20039881036932
23.593495259232952
20.508599857954547
15.311591894531245
5.59869324840198
0.0
0.0
0.0
0.0
0.0
0.0
0.0
0.0
0.0
0.0
0.0
0.0
0.0
0.0
0.0
0.0
0.0
0.0
0.0
0.0
0.0
0.0
0.0
0.0
0.0
0.0
0.0
0.0
0.0
0.0
0.0
0.0
0.0
0.0
0.0
0.0
0.0
0.0
0.0
0.0
0.0
0.0
0.0
0.0
0.0
0.0
0.0
0.0
0.0
0.0
0.0
0.0
0.0
0.0
0.0
0.0
0.0
0.0
0.0
0.0
0.0
0.0
0.0
0.0
0.0
0.0
4.560086265980118
1.1381492320667634
17.627636328124993
11.42742579012784
0.0
0.0
0.0
0.0
0.0
0.0
0.0
0.0
0.0
0.0
0.0
0.0
0.0
0.0
0.0
0.0
0.0
0.0
0.0
0.0
1.5823618319424717
2.6072392134232953
0.0
0.0
0.0
0.0
0.0
0.0
0.0
0.0
0.0
0.0
0.0
0.0
0.0
0.0
0.0
0.48146685014204543
8.389968545809658
12.277871533203125
15.92955249911222
18.50640436789773
20.02503494318182
21.818673171164775
27.60753162286932
30.248558504971587
21.74376482599432
13.614225683593741
0.5041046475497155
0.0
0.0
0.0
0.0
0.0
0.0
0.0
0.0
0.0
0.0
0.0
0.0
1.439377956321023
6.156750594815346
13.20423013139204
15.948031312144883
18.109041867897727
18.646480628551135
22.256672301136362
28.965146715198863
33.43850690696022
28.510856409801136
21.817660813210228
19.89098313210227
13.384375790127836
8.549716716974423
0.0
0.0
0.0
0.9757400878906256
2.342800692471591
0.0
6.1960594504616555
0.0
11.100403955078129
10.335834490411935
12.225170605468758
11.99895431463069
13.339220250355101
12.335982919034102
13.923107475142054
13.929621040482944
15.982014053622153
21.447385378196017
22.954002364464966
23.926929740767047
25.02034470880682
25.512795951704547
23.87516514559659
18.72200289417614
7.301852334872154
0.0
0.0
0.0
0.0
0.0
0.0
3.5149254261363683
0.9624400656960272
0.0
0.0
0.0
0.0
0.0
1.17359655983665
0.0
0.0
0.061045623224431814
0.31257457386363635
0.0
0.0
0.0
0.0
0.0
0.0
0.0
0.0
0.0
0.0
0.0
0.0
0.0
0.0
0.0
0.0
0.0
0.0
0.0
0.0
2.7174572931463072
0.6794399058948863
0.0
0.0
0.0
0.0
0.0
0.0
0.0
0.0
0.0
0.0
0.0
0.0
0.0
0.0
0.0
0.0
0.0
0.0
0.0
0.0
0.0
0.0
0.0
0.0
6.2310436967329546
23.289873037997175
27.239418128551133
13.781228946200287
0.0
0.0
0.0
0.0
0.0
0.0
0.0
0.0
0.0
0.0
0.0
0.0
0.0
9.943150193093045
9.918234348366477
13.640290598366478
15.873083673650564
17.32266887428977
18.792790198863635
19.77400946377841
25.37678453480114
27.334739115767047
22.973712872869317
17.9482073774858
14.021855788352264
10.896621741832389
0.7324134410511364
0.0
0.0
0.0
0.0
3.897093421519882
7.864067631392055
0.0
5.076568279474431
8.970677663352273
12.3346601340554
14.773211337002829
17.46315479403409
19.653647798295456
18.648565145596592
20.94937400568182
22.183785493607953
23.010700887784093
34.14573876065341
32.70849071377841
22.856686293881896
16.508387505567462
8.515339999112225
7.95530750177557
0.6427606756036931
0.0
1.947878688742898
0.905632821377841
4.981518363813927
3.2912802379261374
0.0
0.0
2.9975073552911935
22.84876345880681
18.842412269176137
22.41646145241477
23.89089383877841
27.272031800426134
31.570028710937503
34.155094797585235
34.44403547585228
36.801574928977274
39.897606107954545
41.75931658380682
36.06603987926136
25.605783664772726
16.74077755681819
8.436186949573873
0.0
0.0
0.0
0.0
0.0
0.0
0.0
0.0
0.0
0.0
8.055516943359375
5.8146441805752795
8.873050137606533
14.730786621093744
18.85368528053977
20.268878178267045
18.324592276278405
19.880612375710225
26.294979261363633
28.14363071732955
24.384729359019897
12.27081771129262
0.9956200639204553
0.0
0.0
0.0
0.0
0.0
0.0
0.0
0.0
0.0
0.0
0.0
0.0
0.0
0.0
0.0
0.0
0.0
0.0
0.0
0.0
0.0
0.0
0.0
0.0
0.0
0.0
0.0
0.0
0.0
0.0
0.0
0.0
0.0
0.0
0.0
0.0
0.0
0.0
0.0
0.0
0.0
0.0
0.0
0.0
0.0
0.0
0.0
0.0
0.0
0.0
0.0
0.0
0.0
0.0
0.0
0.0
0.0
0.0
0.0
0.0
0.0
0.0
0.0
0.0
0.0
0.0
0.0
5.678769628906249
2.4587575994318227
18.948982848011372
13.60638891157671
16.663135049715915
16.59285010653411
13.306296883877819
10.61071212713068
0.0
0.8153636363636365
1.422937109375001
0.0
0.0
0.2935218061967327
0.0
0.24021234463778454
6.800794167258531
9.727837109375
11.517794535688916
13.340596741832371
15.155316326349428
16.135818332741483
17.108904048295457
18.359495916193183
25.50724403409091
25.599009978693186
25.49286232244318
21.19466786221591
11.323002512428985
1.3502253462357954
0.0
0.0
0.0
0.0
0.0
0.0
0.0
0.0
0.0
0.0
9.249622887073862
13.820506915838063
15.790631676136364
17.04304985943418
16.80192858664773
17.153101917613647
17.58402483132102
18.727255930397725
25.566875230823868
25.117163813920456
23.050013707386363
11.637079665305384
0.0
0.0
0.0
0.0
0.0
0.0
0.0
0.0
0.0
0.0
0.0
0.0
0.0
1.7447908868963111
6.296514195667609
11.898948925781236
11.919995996093746
11.682148694957384
7.738644806463068
4.311407870205971
13.12920722656251
6.130440292080961
3.7423904208096586
0.0
0.0
0.0
0.0
0.0
0.0
0.0
0.0
0.0
0.0
0.0
0.0
0.0
7.612524946732949
1.7717233842329543
5.069748970170455
15.05784676846591
13.290553196022735
14.257730930397708
14.755240136718736
15.58833398437498
21.054096617542612
22.329612553267047
20.18171390269886
14.79507264737216
6.143072523082382
0.0
0.0
0.0
0.0
0.0
0.0
0.0
0.0
0.0
0.0
0.0
0.0
0.0
0.0
0.0
0.8377834117542609
0.0
0.0
0.0
0.0
0.0
0.0
0.0
0.0
0.0
0.0
0.0
0.0
0.0
0.0
0.0
0.0
0.0
0.0
0.0
0.0
0.0
0.0
0.0
0.0
0.0
0.0
0.0
3.6530581653941727
0.0
0.0
0.0
0.0
0.0
0.0
0.0
0.0
0.0
0.0
0.0
0.0
0.0
0.0
0.0
0.0
0.0
0.0
0.0
0.0
0.0
0.0
0.0
6.013593430397725
9.723814078036225
17.2512558149858
12.836730718809171
3.596618164062501
0.0
3.0680386430220183
0.0
0.0
0.0
0.0
0.0
0.0
0.0
0.0
0.0
0.0
7.689247873757111
8.97032345081675
7.517102450284096
12.796254785156258
11.704208433948855
13.64831165660511
12.834149298650573
16.40726740056817
15.367391956676137
4.720652026367188
5.389476524769174
0.0
0.0
0.0
0.0
0.0
0.0
0.0
0.0
0.0
0.0
0.0
0.0
0.0
0.0
0.0
0.0
0.0
0.0
0.0
0.0
2.609329487748579
7.4808191095525665
12.586555339868243
0.0
0.0
0.0
0.0
0.0
0.0
0.0
0.0
0.0
0.0
0.0
0.0
0.0
0.0
0.0
8.836459743430394
7.712305095880681
13.395613591974417
15.855465651633525
17.091428435724428
19.68814103338068
25.812857421875
28.021469300426133
24.517073798532202
16.65391327237217
0.4400330433238636
0.0
0.0
0.0
0.0
0.0
0.0
0.0
0.0
0.0
0.0
0.0
0.0
0.0
0.0
0.0
0.0
0.0
0.0
0.40580009765625
6.532914675071018
3.047314812677557
2.1625857865767055
0.0
0.0
0.0
0.0
0.0
0.0
0.0
0.0
0.0
0.0
0.0
0.0
0.0
0.0
0.0
0.0
0.0
0.0
0.0
0.0
0.0
0.0
0.0
0.0
0.0
0.0
0.0
0.0
0.0
0.0
0.0
0.0
0.0
0.0
0.0
0.0
0.0
0.0
0.0
0.0
0.0
0.0
0.0
0.0
0.0
0.0
0.0
0.0
0.0
0.0
0.0
0.0
0.0
0.0
0.0
0.0
0.0
0.0
0.0
0.0
0.0
0.0
0.0
0.0
0.0
0.0
0.0
0.0
0.0
2.0502596923828125
0.0
0.0
0.0
0.0
0.0
0.0
0.0
0.0
0.0
0.0
0.0
0.0
0.0
0.0
0.0
0.0
0.0
1.1161914462002847
3.2673876775568185
11.033505406605109
8.351237131569597
7.752172460937496
12.524474334161916
18.4489325284091
17.025373322088054
15.937032972301136
4.57771333451705
0.0
0.0
0.0
0.0
0.0
0.0
0.0
0.0
0.0
0.0
0.0
0.0
0.0
3.7752607910156204
3.1434919300426087
8.431260600142041
9.271265611683237
5.473752689985796
14.515395942826707
15.145274280894888
17.755520578835227
17.864862828480117
15.974530504261379
2.4960541281960227
0.0
0.0
0.0
0.0
0.0
0.0
0.0
0.0
0.0
0.0
0.0
0.0
0.0
0.0
0.0
0.0
0.0
0.0
0.0
0.0
1.2372730646306818
4.555644045188209
1.1974917169744317
0.0
0.0
0.0
0.0
0.0
0.0
0.0
0.0
0.0
0.0
0.0
0.0
0.0
0.0
0.0
0.0
0.0
0.0
0.0
0.0
0.0
0.8332766135475844
0.0
0.0
0.0
0.0
0.0
0.0
0.0
0.0
0.0
0.0
0.0
0.0
0.0
0.0
0.0
0.0
0.0
0.0
0.0
0.0
0.0
0.0
0.0
0.0
0.0
0.0
0.0
0.0
0.0
0.0
0.0
0.0
0.0
0.0
0.0
0.0
0.0
0.0
0.0
0.0
0.0
0.0
0.0
0.0
0.0
0.0
0.0
0.0
0.0
0.0
0.0
0.0
0.0
0.0
0.0
0.0
0.0
0.0
0.0
0.0
0.0
0.0
0.0
0.0
0.0
0.0
0.0
0.0
0.0
0.0
0.0
0.9606041259765626
0.0
0.0
0.0
0.0
0.0
0.0
0.0
0.0
0.0
0.0
0.0
0.0
0.0
0.0
0.0
0.0
0.0
0.0
0.0
3.4358616965553965
2.229520676491482
10.891703675426148
7.640396293501425
9.672707182173287
15.910950369910028
9.307181986860796
0.0
0.0
0.0
0.0
0.0
0.0
0.0
0.0
0.0
0.0
0.0
0.0
0.0
0.0
0.8254223322088072
6.029903355823858
8.493758283025564
9.26634762073864
3.417272447620741
16.837000008877837
19.26562481356535
21.581205729166665
22.44632109079072
22.434174727746207
9.977890012428984
0.0
0.0
0.0
0.0
0.0
0.0
0.0
0.0
0.0
0.0
0.0
0.0
0.0
0.0
0.0
0.0
0.0
0.0
0.0
0.0
0.14916879216974435
0.0
0.0
0.0
0.0
0.0
0.0
0.0
0.0
0.0
0.0
0.0
0.0
0.0
0.0
0.0
0.0
7.513512011718748
2.0776399769176184
6.800077135120733
13.286248224431812
11.103725071022728
10.399585872395837
11.340999440696029
15.6668556196733
15.9439977006392
16.214909064275563
0.6026887073863636
0.844599727746213
0.0
0.0
0.0
0.0
0.0
0.0
0.0
0.0
0.0
3.9747193652343737
0.0
0.0
0.0
0.0
0.0
0.0
0.0
0.0
0.0
0.0
0.0
0.0
0.0
0.0
0.0
0.0
0.0
0.0
0.0
0.0
0.0
0.0
0.0
0.0
0.0
0.0
0.0
0.0
0.0
0.0
0.0
0.0
0.0
0.0
0.0
0.0
0.0
0.0
0.0
0.0
0.0
0.0
0.0
0.0
0.0
0.0
0.0
0.0
0.0
0.0
0.0
0.0
0.0
0.0
0.0
0.0
0.0
2.8405522312973446
0.46331556285511366
8.277340839547817
1.8578827370383528
0.0
0.0
0.0
0.0
0.0
0.0
0.0
0.0
1.9956704952355588
12.342052743252845
8.464935795454545
9.233993900923286
2.9570355335582406
14.9662664950284
16.219043095999055
16.974649058948867
17.648676365707864
16.262643119673303
17.444228811553028
16.82666501538827
23.157264032907197
20.538505640388262
20.065731658380685
9.418034764145364
0.0
0.0
0.0
0.0
0.0
0.0
0.0
0.0
0.0
0.0
0.7661092529296873
4.951409517045463
1.7180536088423302
5.456296573153398
9.30188350053267
11.272004074928992
13.191081995738648
12.365377654474417
13.331696715198854
12.271225878906245
19.807392569247163
17.1825098100142
13.89330605468748
2.298587655362221
0.0
0.0
0.0
0.0
0.0
0.0
0.0
0.0
0.0
0.0
0.0
0.0
0.0
0.0
8.561317314009234
2.304011949573868
11.183599316406244
11.113119415838064
11.704128852982954
10.829747937381637
16.70992133937028
15.80325010801373
13.456223177083354
0.0
0.0
0.0
0.0
0.0
0.0
0.0
0.0
0.0
0.0
0.0
0.0
0.0
0.0
0.0
0.0
0.0
0.0
0.0
0.0
0.0
10.227336725408362
0.0
0.0
0.0
0.0
0.0
0.0
0.0
0.0
0.0
0.0
0.0
0.0
0.0
0.0
0.0
0.0
0.0
0.0
0.0
0.0
0.0
0.0
0.0
0.0
0.0
0.0
0.0
0.0
0.0
0.0
0.0
0.0
0.0
0.0
0.0
0.0
0.0
0.0
0.0
0.0
0.0
0.0
0.0
0.0
0.0
0.0
0.0
0.0
0.0
0.0
0.0
0.0
0.0
0.0
0.0
0.0
0.0
0.0
0.0
0.0
0.0
0.0
0.0
0.0
0.0
0.0
0.0
0.0
0.0
0.0
0.0
0.03854466885653409
0.0
0.0
0.0
0.0
0.0
0.0
0.0
0.0
0.0
0.0
0.0
0.0
0.0
0.0
0.0
0.0
0.0
0.0
0.0
0.0
0.0
0.0
0.0
0.0
0.0
0.0
0.0
0.0
0.0
0.0
0.0
0.0
0.0
0.0
0.0
0.0
0.0
0.0
0.0
0.0
0.0
0.0
0.0
0.0
0.0
0.0
0.0
0.0
0.0
0.0
0.0
0.0
0.0
0.0
0.0
0.0
0.0
0.0
0.0
0.0
0.0
0.0
0.0
0.0
0.0
0.0
0.0
0.0
0.0
0.0
0.0
0.0
0.0
0.0
0.0
0.0
0.0
0.0
0.0
0.0
0.0
0.0
0.0
0.0
0.0
0.0
0.0
0.0
0.0
0.0
0.0
0.0
0.0
0.0
0.0
0.0
0.0
0.0
0.0
0.0
0.0
0.0
0.0
0.0
0.0
0.0
0.0
0.0
0.0
0.0
0.0
0.0
0.0
0.0
0.0
0.0
0.0
0.0
0.0
0.0
0.0
0.0
0.0
0.0
0.0
0.0
0.0
0.0
0.0
0.0
0.0
0.0
0.0
0.0
0.0
0.0
0.0
0.0
0.0
0.0
0.0
0.0
0.0
0.0
0.0
0.0
0.0
0.0
0.0
0.0
0.0
0.0
0.0
0.0
0.0
0.0
0.0
0.0
0.0
0.0
0.0
0.0
0.0
0.0
0.0
0.0
0.0
0.0
0.0
0.0
0.0
0.0
0.0
0.0
0.0
0.0
0.0
0.0
0.0
0.0
0.0
0.0
0.0
0.0
0.0
0.0
0.0
0.0
0.0
0.0
0.0
0.0
0.0
0.0
0.0
0.0
0.0
0.0
0.0
0.0
0.0
0.0
0.0
0.0
0.0
0.0
0.0
0.0
0.0
0.0
0.0
0.0
0.0
0.0
0.0
0.0
0.0
0.0
0.0
0.0
0.0
0.0
0.0
0.0
0.0
0.0
0.0
0.0
0.0
0.0
0.0
0.0
0.0
0.0
0.0
0.0
0.0
0.0
0.0
6.1951106711647705
0.0
0.0
0.0
0.0
0.0
0.0
0.0
0.0
0.0
0.0
0.0
0.0
0.0
0.0
0.0
0.0
0.0
8.614172625177558
4.193721826171862
12.678638813920463
15.848925079900562
17.179492027698853
19.66976495028409
20.943420862926136
21.005655664062502
18.30184568536932
2.4469652521306817
0.0
0.0
0.0
0.0
0.0
0.0
0.0
0.0
0.0
0.0
0.0
0.0
0.0
0.0
0.0
0.0
0.0
0.0
0.0
0.0
0.0
0.0
0.0
0.0
0.0
0.0
0.0
0.0
0.0
0.0
0.0
0.0
0.0
0.0
0.0
0.0
0.0
0.0
0.0
0.0
0.0
0.0
0.0
0.0
0.0
0.0
0.0
0.0
0.0
0.0
0.0
0.0
0.0
0.0
0.0
0.0
0.0
0.0
0.0
0.0
0.0
0.0
0.0
0.0
0.0
0.0
0.0
0.0
1.1002902388139197
0.0
0.0
0.0
0.0
0.0
0.0
0.0
0.0
0.0
0.0
0.0
0.0
0.0
0.0
0.0
0.0
0.0
0.0
0.0
0.0
0.0
0.0
0.0
0.5670459650213068
0.03711620760830964
0.0
0.0
0.0
0.0
0.0
0.0
0.0
0.0
0.0
0.0
0.0
0.0
0.0
0.0
0.0
0.0
0.0
0.0
0.0
0.0
0.0
0.0
0.8692651578036217
0.034490146706321
0.0
0.0
0.0
0.0
0.0
0.0
0.0
0.0
0.0
0.0
0.0
0.0
0.0
0.0
0.0
0.0
0.0
0.0
0.0
0.0
0.0
0.0
0.30762609863281276
0.0
0.0
0.0
0.0
0.0
0.0
0.0
0.0
0.0
0.0
0.0
0.0
0.0
0.0
0.0
0.0
0.0
0.0
0.0
0.0
0.0
0.0
0.0
0.0
0.0
0.0
0.0
0.0
0.0
0.0
0.0
0.0
0.0
0.0
0.0
0.0
0.0
0.0
0.0
0.0
0.0
0.0
0.0
0.0
0.0
0.0
0.0
0.0
0.0
0.0
0.0
0.0
0.0
0.0
0.0
0.0
0.0
0.0
0.0
0.0
0.0
0.0
0.0
0.0
0.0
0.0
0.0
0.0
0.0
0.0
0.0
0.0
0.0
0.0
0.0
0.0
0.0
0.0
0.0
0.0
0.0
0.0
0.0
0.0
0.0
0.0
0.0
0.0
0.0
0.0
0.0
0.0
0.0
0.0
0.0
0.0
0.0
0.0
0.0
0.0
0.0
0.0
0.0
0.0
0.0
0.0
0.0
0.0
0.0
0.0
0.0
0.0
0.0
0.0
0.0
0.0
0.0
0.0
0.0
0.0
0.0
0.0
0.0
0.0
0.0
0.0
0.0
0.0
0.0
0.0
0.0
0.0
0.0
0.0
0.0
0.0
0.0
0.0
0.0
0.0
0.0
0.0
0.0
0.0
0.0
0.0
0.0
0.0
0.0
0.0
0.0
0.0
0.0
0.0
0.0
0.0
0.0
0.0
0.0
0.0
0.0
0.0
0.0
0.0
0.0
0.0
0.0
0.0
0.0
0.0
0.0
0.0
0.0
0.0
0.0
0.0
0.0
0.0
0.0
0.0
0.0
0.0
0.0
0.0
0.0
0.0
0.0
0.0
0.0
0.0
0.0
0.0
0.0
0.0
0.0
0.0
0.0
0.0
0.0
0.0
0.0
0.0
0.0
0.0
0.0
0.0
0.0
0.0
0.0
0.0
0.0
0.0
0.0
0.0
0.0
0.0
0.0
0.0
0.0
0.0
0.0
0.0
0.0
0.0
0.0
0.0
0.0
0.0
0.0
0.0
0.0
0.0
0.0
0.0
0.0
0.0
0.0
0.0
0.0
0.0
0.0
0.0
0.0
0.0
0.0
0.0
0.0
0.0
0.0
0.0
0.0
0.0
0.0
0.0
0.0
0.0
0.0
0.0
0.0
0.0
0.0
0.0
0.0
1.3576699840198865
0.0
0.0
0.0
0.0
0.0
0.0
0.0
0.0
0.0
0.0
0.0
0.0
0.0
0.0
0.0
0.0
0.0
0.0
0.0
0.0
0.0
0.0
0.0
6.71382951882102
1.7562031338778454
0.0
0.0
0.0
0.0
0.0
0.0
0.0
0.0
0.0
0.0
0.0
0.0
0.0
0.0
0.0
0.0
0.0
7.948827081853701
0.2668812056107954
5.697015580610791
9.35812852450284
6.970264240056815
8.159395596590914
8.021225772372164
11.434972500887788
0.20398984818892
0.0
0.0
0.0
0.0
0.0
0.0
0.0
0.0
0.0
0.0
0.0
0.0
0.0
0.0
9.616326189630682
8.139043590198865
8.030171892755684
8.613341193181823
7.578831147904839
3.8756011629971585
13.48851817737926
16.806278693181834
15.567908513849433
12.551898375355108
0.0
0.0
0.0
0.0
0.0
0.0
0.0
0.0
0.0
0.0
0.0
0.0
7.142214324396306
4.608568199573863
1.0510079723011363
5.014434694602281
6.433177028586659
8.055771843927552
13.928155974786938
16.177939213423308
21.594115829190347
23.744397798295452
21.79218380681818
13.355210839843748
0.0
0.0
0.0
0.0
0.0
0.0
0.0
0.0
0.0
0.0
0.0
0.0
0.0
0.0
0.0
0.0
0.0
0.0
0.0
0.0
0.0
0.0
0.0
0.0
0.0
0.0
0.0
0.0
0.0
0.0
0.0
0.0
0.0
0.0
0.0
0.0
0.0
0.0
0.0
0.0
0.0
0.0
0.0
0.0
0.0
0.0
0.0
0.0
0.0
0.0
0.0
0.0
0.0
0.0
0.0
0.0
0.0
0.0
0.0
0.0
0.0
0.0
0.0
0.0
0.0
0.0
0.0
0.0
0.0
0.0
0.0
0.0
0.0
0.0
0.0
0.0
0.0
0.0
0.0
0.0
0.0
0.0
0.0
0.0
0.0
0.0
0.0
0.0
0.0
0.0
0.0
0.0
0.0
0.0
0.0
0.0
0.0
0.0
0.0
0.0
0.0
0.0
0.0
0.0
0.0
0.0
0.0
0.0
0.0
0.0
0.0
0.0
0.0
0.5504038929332391
2.0531022727272683
6.3564476207386456
0.7810467729048299
5.4690989435369275
5.577872243430393
0.0
0.0
0.0
0.0
0.0
0.0
0.0
0.0
0.0
0.0
0.0
0.0
0.0
0.0
0.0
0.0
0.0
0.0
0.0
0.0
0.0
0.0
0.0
0.0
0.0
0.0
0.0
0.0
0.0
0.0
0.0
0.0
0.0
0.0
0.0
0.0
0.0
0.0
0.0
0.0
0.0
0.0
0.0
0.0
0.0
0.0
0.0
0.0
0.0
0.0
0.0
0.0
0.0
0.0
0.0
0.0
0.0
0.0
0.0
0.0
0.0
0.0
0.0
0.0
0.0
0.0
0.0
0.0
0.0
0.0
0.0
0.0
0.0
0.0
0.0
0.0
0.0
0.0
0.0
0.0
0.0
0.0
0.0
0.0
0.0
0.0
0.0
0.0
0.0
0.0
0.0
0.0
0.0
0.0
0.0
0.0
0.0
0.0
0.0
0.0
0.0
0.0
0.0
0.0
0.0
0.0
0.0
0.0
0.0
0.0
0.0
0.0
0.0
0.0
0.0
0.0
0.0
0.0
0.0
0.0
0.0
0.0
0.0
0.0
0.0
0.0
0.0
0.0
0.0
0.0
0.0
0.0
0.0
0.0
0.0
0.0
0.0
0.0
0.0
2.972658735795459
0.0
2.636825812322448
0.0
4.752775989879257
0.0
0.0
0.0
0.0
0.0
0.0
0.0
0.0
0.0
0.0
0.0
0.0
0.0
0.0
0.0
0.0
0.0
0.0
0.0
0.0
0.0
0.0
0.0
0.0
0.0
0.0
0.0
0.0
0.0
0.0
0.0
0.0
0.0
0.0
0.0
0.0
0.0
0.0
0.0
0.0
0.0
0.0
0.0
0.0
0.0
0.0
0.0
0.0
0.0
0.0
0.0
0.0
0.0
0.0
0.0
0.0
0.0
0.0
0.0
0.0
0.0
0.0
0.0
0.0
0.0
0.0
0.0
0.0
0.0
0.0
0.0
0.0
0.0
0.0
0.0
0.0
0.0
0.0
0.0
0.0
0.0
0.0
0.0
0.0
0.0
0.0
0.0
0.0
0.0
0.0
0.0
0.0
0.0
0.0
0.0
0.0
0.0
0.0
0.0
0.0
0.0
0.0
0.0
0.0
0.0
0.0
0.0
0.0
0.0
0.0
0.0
0.0
0.0
0.0
0.0
0.0
0.0
0.0
0.0
0.0
0.0
0.0
0.0
0.0
0.0
0.0
0.0
0.0
0.0
0.0
0.0
0.0
0.0
0.0
0.0
0.0
0.0
0.0
0.0
0.0
0.0
2.1700247469815346
0.0
0.0
0.0
1.67906826171875
0.0
0.0
0.0
0.0
0.0
0.0
0.0
0.0
0.0
0.0
0.0
0.0
5.132006711647723
2.3694290571732917
1.6816832120028364
0.0
19.963785671164775
4.709927507990061
1.3698435901988637
13.28201087979403
8.796047389914774
8.173567160866472
0.0
0.0
0.0
0.0
0.0
0.0
0.0
0.0
0.0
0.0
0.0
0.0
0.0
0.0
0.0
0.0
4.966717671342334
7.1997908380681785
4.567562389026988
4.4954850008877845
6.335682892400573
19.06333295898439
17.24031838600853
18.117516628196025
4.221194051846582
0.0
0.0
0.0
0.0
0.0
0.0
0.0
0.0
0.0
0.0
0.0
0.0
0.0
0.0
0.0
0.0
0.29745765713778455
4.397850958806819
5.31777650923295
1.9917707341974435
8.103283251953126
12.800888281249998
16.948831090198862
10.035076198508532
0.0
0.0
0.0
0.0
0.0
0.0
0.0
0.0
0.0
0.0
0.0
0.0
0.0
0.0
0.0
0.0
0.0
0.0
0.0
0.0
4.805895099431814
2.471716148792618
0.0
0.0
0.0
0.0
0.0
0.0
0.0
0.0
0.0
0.0
0.0
0.0
0.0
0.0
0.0
0.0
0.0
0.0
0.0
0.0
0.0
0.0
0.0
0.0
0.0
0.0
0.0
0.0
0.0
0.0
0.0
0.0
0.0
0.0
0.0
0.0
0.0
0.0
0.0
0.0
0.0
0.0
0.0
0.0
0.0
0.0
0.0
0.0
0.0
0.0
0.0
0.0
0.0
0.0
0.0
0.0
0.0
0.0
0.0
0.0
0.0
0.0
0.0
0.0
0.0
0.0
0.0
0.0
0.0
0.0
0.0
0.0
0.0
0.0
0.0
0.0
0.0
0.0
0.0
0.0
0.0
0.0
0.0
0.0
0.0
0.0
0.0
0.0
0.0
0.0
0.0
0.0
0.0
0.0
0.0
0.0
0.0
0.0
0.0
0.0
0.0
0.0
0.0
0.0
0.0
0.0
0.0
0.0
0.0
0.0
0.0
0.0
0.0
0.0
0.0
0.0
0.0
0.0
1.2612504660866481
0.0
0.0
0.0
0.0
0.0
0.0
0.0
0.0
0.0
0.0
0.0
0.0
0.0
0.0
0.0
0.0
0.0
0.0
0.0
0.0
0.0
0.0
0.0
0.0
0.0
0.0
0.0
0.0
0.0
0.0
0.0
0.0
0.0
0.0
0.0
0.0
0.0
0.0
0.0
0.0
0.0
0.0
0.0
0.0
0.0
9.851663203014027
0.0
13.01382791193182
0.8098091441761363
0.0
0.0
0.0
0.0
0.0
0.0
0.0
0.0
0.0
0.0
0.0
0.0
0.0
0.0
0.0
0.0
0.0
0.0
0.0
0.0
0.0
0.0
0.0
0.0
0.0
0.0
0.0
0.0
0.0
0.0
0.0
0.0
0.0
0.0
0.0
0.0
0.0
0.0
0.0
0.0
0.0
0.0
0.0
0.0
0.0
0.0
0.0
0.0
0.0
0.0
0.0
0.0
0.0
0.0
0.0
0.0
0.0
0.0
0.0
0.0
0.0
0.0
0.0
0.0
0.0
0.0
0.0
0.0
0.0
0.0
0.0
0.0
0.0
0.0
0.0
0.0
0.0
0.0
0.0
0.0
0.0
0.0
0.0
0.0
0.0
0.0
0.0
0.0
0.0
0.0
0.0
0.0
0.0
0.0
0.0
0.0
0.0
0.0
0.0
0.0
0.0
0.0
0.0
0.0
0.0
0.0
0.0
0.0
0.0
0.0
0.0
0.0
0.0
0.0
0.0
0.0
0.0
5.7535050870028455
5.4322055752841045
3.1414500177556848
1.9649821910511363
0.0
0.0
0.0
0.0
0.0
0.0
0.0
0.0
0.0
0.0
0.0
0.0
0.0
0.0
0.0
0.0
0.0
0.0
4.577202623401987
0.0
6.173521271306819
9.153922811612215
0.8026009810014205
5.054632705965918
0.0
0.0
0.0
0.0
0.0
0.0
0.0
0.0
0.0
0.0
0.0
0.0
0.0
0.0
4.367671004971592
3.8752012695312543
0.2715767311789773
4.5656149946733
0.8184917347301137
4.280763973721591
5.727234206321021
15.655759370561084
14.439939080255671
18.33455324041193
12.860053586647718
2.43108813920455
0.0
0.0
0.0
0.0
0.0
0.0
0.0
0.0
0.0
0.0
0.0
0.0
0.0
0.0
0.0
0.0
0.0
0.0
0.0
0.0
0.0
0.0
0.0
0.0
0.0
0.0
0.0
0.0
0.0
0.0
0.0
0.0
0.0
0.0
0.0
0.0
0.0
0.0
0.0
0.0
0.0
0.0
0.0
1.0033324840198863
0.0
0.0
0.0
0.0
0.0
0.0
0.0
0.0
0.0
0.0
0.0
0.0
0.0
0.0
0.0
0.0
0.0
0.0
0.0
0.0
0.0
0.0
0.0
5.546260990767041
0.0
15.223767391690346
8.722454123757098
0.14757318892045454
0.0
0.0
0.0
0.0
0.0
0.0
0.0
0.0
0.0
0.0
0.0
0.0
0.0
0.0
0.0
0.0
2.7118807217684675
0.05743291903409091
4.630508025568182
10.85738817915483
5.095395410156255
5.891327033025555
0.09649122869318182
0.0
0.0
0.0
0.0
0.0
0.0
0.0
0.0
0.0
0.0
0.0
0.0
0.0
0.0
5.875830388849431
0.0
5.363581920276985
0.0
3.6891072753906298
1.8259192338423302
7.130161745383527
10.3468273881392
14.177212100497165
6.3930428932883565
0.0
0.0
0.0
0.0
0.0
0.0
0.0
0.0
0.0
0.0
0.0
0.0
0.0
0.0
0.0
4.519594273792617
0.5965521306818181
4.668400550426136
1.8200249778053972
3.0233650923295454
14.134848615056823
17.777506028053974
18.917986115056816
12.627158238636362
0.0
0.0
0.0
0.0
0.0
0.0
0.0
0.0
0.0
0.0
0.0
0.0
0.0
0.0
0.0
0.0
1.8159575106534092
8.14877236772016
7.525345756392045
3.348314390980114
16.17250712002841
22.757849094460227
22.161199272017043
16.289271235795443
2.5807472833806817
0.0
0.0
0.0
0.0
0.0
0.0
0.0
0.0
0.0
0.0
0.0
0.0
0.0
0.0
0.0
0.0
0.0
0.0
0.0
0.0
0.0
0.0
0.0
0.0
0.0
0.0
0.0
0.0
0.0
0.0
0.0
0.0
0.0
0.0
0.0
0.0
0.0
0.0
0.0
0.0
0.0
0.0
0.0
0.0
0.0
0.0
0.0
0.0
0.0
0.0
0.0
0.0
0.0
0.0
0.0
0.0
0.0
0.0
0.0
0.0
0.0
0.0
0.0
0.0
0.0
0.0
0.0
0.34940521573153366
0.0
0.0
0.0
0.0
0.0
0.0
0.0
0.0
0.0
0.0
0.0
0.0
0.0
0.0
0.0
0.0
0.0
10.398573721590909
10.065680881569603
5.654293767755682
1.8986432350852274
10.878515571732946
8.286713942649154
13.064326287286933
16.85622007279829
15.135546772904839
0.0
0.0
0.0
0.0
0.0
0.0
0.0
0.0
0.0
0.0
0.0
0.0
0.0
2.095986248224427
4.024241761363641
5.87432652254972
6.026117347301141
2.871197465376416
1.5709490678267088
2.6633460227272727
7.391427827592326
15.076494256036938
14.212321431107982
13.945327175071027
3.8252204190340957
0.0
0.0
0.0
0.0
0.0
0.0
0.0
0.0
0.0
0.0
0.0
0.0
0.0
0.0
0.0
0.0
0.0
0.0
0.0
0.0
0.0
0.0
0.0
0.0
0.0
0.0
0.0
0.0
0.0
0.0
0.0
0.0
0.0
0.0
0.0
0.0
6.103423251065346
0.0
0.0
4.680764058061079
0.30685122514204544
3.4749585138494314
6.777507017933231
10.00138492542613
13.295349720348009
20.37691143465909
17.767378977272724
13.516526688269419
0.22581930042613638
0.0
0.0
0.0
0.0
0.0
0.0
0.0
0.0
0.0
0.0
0.0
0.0
0.0
0.0
0.0
0.0
0.0
0.0
0.0
0.0
0.0
0.0
0.0
0.0
0.0
0.0
0.0
0.0
0.0
0.0
0.0
0.0
0.0
0.0
0.0
0.0
0.0
0.0
0.0
0.0
0.0
0.0
0.0
0.0
0.0
0.0
0.0
0.0
0.0
0.0
0.0
0.0
0.0
0.0
0.0
0.0
0.0
0.0
0.0
0.0
0.0
0.0
0.0
0.0
0.0
0.0
0.0
6.127792471590909
13.033486243785513
19.992527761008528
19.87507998934659
10.61166581143465
0.0
0.0
0.0
0.0
0.0
0.0
0.0
0.0
0.0
0.0
0.0
0.0
0.0
0.0
0.0
6.662832523970167
5.484721271306814
1.1755121848366452
2.2093229048295453
7.543607919034082
8.387717702414772
0.0
0.0
0.0
0.0
0.0
0.0
0.0
0.0
0.0
0.0
0.0
6.847958367365066
4.411254953835236
8.497080140269887
7.310112610973013
5.695059161931814
10.763923419744309
15.3965471147017
14.344558451704556
4.768359095348011
6.624969460227268
12.868752361505678
15.313643954190347
20.630152290482954
20.17575291193182
12.185903333629266
7.427353702059661
4.185070569957381
2.243157328657671
0.0
0.0
0.0
0.0
0.7504734064275573
3.587616801313925
5.558752068536926
8.745199636008516
9.075017387251423
5.4196751376065295
0.0
0.0
8.943218714488632
12.602671075994316
15.934425639204544
17.90288695845172
15.021486976207381
17.651291708096597
20.543000213068183
20.700163423295454
16.8146326171875
13.36782523082388
1.7697838156960217
0.0
0.0
0.0
0.0
0.0
0.0
0.0
0.0
0.0
0.0
0.0
3.099922261186079
6.915446928267041
2.446439683948868
1.2913972212358
7.464096812855109
5.478368634588067
9.234996875
13.52098116566052
18.69543930220171
12.03357491566051
12.528650914417627
0.0
0.0
0.0
0.0
0.0
0.0
0.0
0.0
0.0
0.0
0.0
0.3800560901988636
0.0
0.0
0.0
0.0
0.0
0.0
0.4496105735085227
0.0
0.0
0.0
0.0
0.0
0.0
0.0
0.0
0.0
0.0
0.0
0.0
0.0
0.0
0.0
0.0
0.0
0.0
0.0
0.0
0.0
0.0
0.0
0.0
1.5610476828835227
0.0
0.0
0.0
0.0
0.0
0.0
0.0
0.0
0.0
0.0
0.0
0.0
0.0
0.0
0.0
0.0
0.0
0.0
0.0
0.0
0.0
0.0
0.0
0.0
6.5363246315696
14.194469309303981
26.86159200994318
26.645335546875
23.79363844105114
15.473727707741473
3.533450648082386
0.0
0.0
0.0
0.0
0.0
0.0
0.0
0.0
0.0
5.966277654474433
0.0
7.120308225319596
7.403256196732962
3.4672862482244238
2.541530974786936
15.729914897017055
14.688207657137788
24.090197292258516
29.286979119318186
31.168880397727275
26.92778636363636
21.575880237926135
6.481608416193185
0.0
0.0
0.0
0.0
0.0
0.0
0.0
0.0
0.0
0.0
0.0
0.0
4.50731718750001
6.473001424893471
2.2604674183238633
4.254918856534091
7.720318363813925
11.689355939275572
10.523789306640628
20.363216086647725
20.982285884232954
18.858582572798294
16.226355220170465
10.610676278409095
0.0
0.0
0.0
0.0
0.0
0.0
0.0
0.0
0.0
0.0
0.0
4.2295630637428845
5.653625696910513
3.9084931995738645
1.293900568181816
7.664140922407671
12.604845126065346
4.640181738281254
21.5499424272017
27.474304918323863
30.9173658203125
27.401528781960227
25.43003622159091
15.610179074928975
7.012690767045458
0.0
0.0
0.0
0.0
0.0
0.0
0.0
0.0
0.7554014071377846
2.528566823508518
6.814075941051127
8.381386345880683
14.220094784268476
17.2107687056108
20.188583327414776
23.44835243252841
23.886664453125
29.49772217684659
31.677601136363634
32.49190140269886
26.934854634232952
24.967115394176133
19.40851145241477
15.053487579900574
5.602257865767055
0.0
0.0
0.0
0.0
0.0
0.0
0.0
2.3965296653054016
0.0
0.0
0.0
0.0
0.0
0.0
0.0
0.0
0.0
0.0
0.0
0.0
0.0
0.0
0.0
0.0
0.0
0.0
0.0
0.0
0.0
0.0
0.0
0.0
0.0
0.0
0.0
0.0
0.0
0.0
0.0
0.0
0.0
0.0
0.0
0.0
0.0
0.0
0.0
0.0
0.0
0.0
0.0
0.0
0.0
0.0
0.0
0.0
0.0
0.0
0.0
0.0
0.0
0.0
0.0
0.0
4.754257479580971
1.7633822398792562
15.104715012428972
17.324567524857947
10.789007572798296
4.339186363636359
0.0
0.0
0.0
0.0
0.0
0.0
0.0
0.0
0.0
0.0
0.0
0.0
0.0
0.0
0.0
0.0
0.0
0.0
3.4436750488281276
0.0
0.0
0.0
0.0
0.0
0.0
0.0
0.0
0.0
0.0
0.0
0.0
0.0
0.0
0.0
0.0
0.0
0.0
0.0
0.0
3.406410298295454
0.9171649680397728
4.063179607599436
10.255363955965906
1.0882005504261356
4.236126313920459
0.0
0.0
0.0
0.0
0.0
0.0
0.0
0.0
0.0
0.0
0.0
0.0
0.0
0.0
0.0
0.0
3.379443581321018
0.0
1.1020171741832392
0.0
1.4627825683593798
7.249186567826704
10.147775776811075
10.084470374644885
10.370036052911919
8.389590851384954
9.167700248579546
0.0
0.0
0.0
0.0
0.0
0.0
0.0
4.306963143643466
7.4360509676846505
8.6183531471946
6.473683123224424
0.0
3.6000628151633483
4.767957164417615
1.7026833362926135
4.348175470525568
7.307893141867897
4.9065929465553975
12.171825550426142
18.708841068892045
19.28799232066761
14.617828116122155
14.980219912997155
12.349192711292595
0.0
0.0
0.0
0.0
0.0
0.0
0.0
0.0
0.0
0.0
0.0
0.0
0.0
0.0
0.0
0.0
0.0
0.0
0.0
0.0
0.0
0.0
0.0
0.0
0.0
0.0
0.0
0.0
0.0
0.0
0.0
0.0
0.0
0.0
0.0
0.0
0.0
0.0
0.0
1.4530319868607982
0.0
0.0
0.0
0.0
0.0
0.0
0.0
0.0
0.0
0.0
0.0
0.0
0.0
0.0
0.0
0.0
0.0
0.0
0.0
0.0
0.0
0.3148375665838068
0.0
0.0
0.0
0.0
1.7783694957386367
23.33635366654829
39.31710076349432
35.18738174715909
32.431168288352275
29.97469412286932
23.921625159801135
21.161002982954546
15.726529483309644
13.514416574928953
13.844876598011348
13.683644486860793
14.265188183593752
14.927394167258528
15.53756864346591
24.815790767045453
28.673587340198868
30.55956255326705
28.6995646484375
31.557468146306825
32.09155376420454
35.41160882457386
37.366392045454546
35.033254971590914
39.76871509232955
40.84161661931818
42.712881569602274
39.02833134673786
34.26205209517045
31.29138123489746
28.36616970880682
28.273670685369314
25.153735475852272
20.826205113636362
5.938093093039765
28.247317329545456
25.380008931107955
25.51051876775568
26.18640049715909
30.528975426136366
30.635152539062503
30.51260438565341
31.82235046164773
33.48871207386364
32.380025461647726
33.004988689630686
33.37941741832387
34.54025298295455
36.57007682883522
39.14845873579545
40.2765710031348
39.10959144176136
36.227798224431815
36.22489694602273
32.15430523792613
32.21176967329546
30.169986079545456
29.077948224431825
28.628373561789772
29.59582517755682
32.66580909090909
36.12037205255682
33.31298947088069
36.127566832386364
35.00229083806818
34.3143208984375
35.326391708096594
34.979827095170464
33.957928568892044
34.210060209517046
35.703156995738645
37.36699580965909
40.48702587002841
44.306406569602274
44.445332173295455
40.45100284090909
37.59070777952516
32.72248599076705
31.76095788352272
33.081397340933584
31.584884037642045
33.687700106534095
32.20438165838068
31.11610074573864
35.44831731178977
38.033671271306815
30.65798519176137
32.907217045454544
33.37575090553977
32.432142098721584
32.370200905539775
32.02932404119318
33.18329170809659
31.210698242187505
32.48383048650568
33.23899650213068
35.622168909801125
37.345035245028406
37.10904946732954
32.50341605113636
30.728455007102273
29.594768483664776
26.55134588068182
25.942258948863635
24.764567187500003
23.361927911931822
23.5286240234375
24.134208647017044
25.041377778764197
29.317135031960223
28.55635628551136
18.658639612926137
0.0
0.0
0.0
0.0
0.0
0.0
0.0
0.0
0.0
0.0
0.0
0.0
0.0
0.0
0.0
0.0
0.0
0.0
0.0
0.0
0.0
0.0
0.0
0.0
0.0
0.0
0.0
0.0
0.0
0.0
0.0
0.0
0.0
0.0
0.0
0.0
0.0
0.0
0.0
0.0
0.0
0.0
0.0
0.0
0.0
0.0
0.0
0.0
0.0
0.0
0.0
0.0
0.0
0.0
0.0
0.0
1.5100328036221582
22.763861428740537
32.39229188565341
25.545439098011364
24.518417507102274
23.822018909801137
19.51413953006629
21.195819779829545
20.284359534801133
18.438671842447917
17.24228767755681
14.408725097656243
16.781891219815346
22.140403444602274
15.4802322265625
22.464845410156247
23.375072265625
21.548363884943182
22.722699467329544
25.118424694095857
23.91140463423295
24.00219135298296
26.387627290482957
27.02537688210227
30.59553110795455
30.860926598011364
29.495798029119317
23.395565111922018
18.9882439453125
17.375598242187497
17.53658655007102
9.759790491832382
10.003297234552555
6.900310671164755
0.0
2.914196133700288
13.486751828835226
19.1487734818892
13.479012784090907
19.2818710715554
18.5005942471591
18.504904403409093
19.00240227272727
19.26180577059659
20.90294186789773
19.94130965909091
20.508223828125
19.953011949573863
27.190798579545454
27.510105220170455
28.199634499289775
19.90727853338068
22.205399842647925
20.136800213068184
15.857801979758518
0.23001755149147726
0.0
0.0
0.0
0.0
0.0
13.00634473987926
11.907998987926135
12.415193465909091
12.123189559659096
14.541218670099436
11.743825643643447
14.814573455255674
14.34978352272729
15.515793243963072
15.491215767045464
15.118351784446018
22.360681622869308
21.907043607954545
20.574590092329544
16.142574707031255
14.337083593749998
12.707994549005683
4.9018045365767
0.0
0.0
0.0
0.0
0.0
0.0
1.7326599476207383
9.425114479758527
7.605994198330964
7.2325486905184615
5.8800833007812505
3.916977547940341
3.4141771484375045
9.452700470525564
7.608845299183239
14.640716281960227
15.451719335937518
22.161805273437494
22.68907352627841
21.360775097656244
18.381559552556816
19.298324165482953
13.027000656960228
0.0
0.0
0.0
0.0
0.0
0.0
0.0
6.121042080965904
5.112451491477272
1.81296947798295
0.0
0.0
0.0
0.0
0.0
0.0
0.0
0.0
0.0
0.0
0.0
0.0
0.0
0.0
0.0
0.0
0.0
0.0
0.0
0.0
0.0
0.0
0.0
0.0
0.0
0.0
0.0
0.0
0.0
0.0
0.0
0.0
0.0
0.0
0.0
0.0
0.0
0.0
0.0
0.0
0.0
0.0
0.0
0.0
0.0
0.0
0.0
0.0
0.0
0.0
0.0
0.0
0.0
0.0
0.0
0.0
4.362055153586648
13.884300310724427
24.483373277698867
17.489075399502838
14.595776633522728
10.345334632457385
0.0
0.0
0.0
0.0
0.0
0.0
0.0
4.80350736416903
5.763683047762796
10.506381662819607
8.518566068892046
8.026807963423307
10.809750727982955
15.089952210582391
17.22413984375001
16.4572111772017
19.360329438920452
19.241783061079545
26.17775182883523
26.592808203125
26.329530585937498
16.497253737571025
15.389417329545438
5.333040509588068
0.0
0.0
0.0
0.0
0.0
0.0
0.0
8.979998073508527
4.9771563032670505
11.085825230823863
11.757993572443185
13.461441215376407
16.310180743963073
19.44147452059659
18.43608661221591
20.592317595880683
20.542568607954546
23.921848348721593
25.86091496803977
26.889414098011365
19.438716193181815
19.878742027698863
17.619113299005686
16.908040181107953
13.938569741869127
12.440840722656246
10.895425026633534
5.2759531782670415
0.0
0.0
0.0
9.452961931818196
6.981495330255672
2.1483575106534087
3.0435227539062457
4.940412695312499
9.65207026367188
6.593000155362211
11.245621275745743
2.5693237748579563
6.765862420099433
6.991665598366481
15.992453009588063
15.662649378551144
18.302375834517047
18.770805870395773
15.55352002028362
0.0
0.0
0.0
0.0
0.0
0.0
0.0
0.0
0.0
0.0
5.479324525035506
3.6177356667258547
9.707226713423298
10.152307404119309
13.023002468039772
9.195853830788353
15.954672096946023
14.004839022549715
19.40430592151989
20.0977574884588
23.769157066761366
24.580369176136365
21.194444460227274
18.98058444602273
16.30678678977273
12.052573730468772
0.9110017844460273
0.0
0.0
0.0
0.0
2.425839510830961
0.0
7.446920348011364
1.3565743208451726
0.0
0.0
0.0
0.0
0.0
0.0
0.0
0.0
0.0
0.0
0.0
0.0
0.0
0.0
0.0
0.0
0.0
0.0
0.0
0.0
0.0
0.0
0.0
0.0
0.3799557128906246
0.0
0.0
0.0
0.0
0.0
0.0
0.0
0.0
0.0
0.0
0.0
0.0
0.0
0.0
0.0
0.0
0.0
0.0
0.0
0.0
0.0
0.0
0.0
0.0
0.0
0.0
0.12321275745738637
0.0
0.0
0.0
0.0
1.0538133478338063
16.85387112926136
28.093475159801134
32.599495724554274
24.708303551136364
22.09005601917614
12.827348703835225
0.0
0.0
0.0
1.1142159934303963
0.0
4.827575492720174
12.800482732599436
9.811039994673308
10.780611212713064
8.017652632279834
10.31871027166193
17.269359703480113
16.877308056640626
22.974932510653414
25.860893856534094
27.431678799715908
27.274716867897723
33.73407077414773
36.080753764204545
34.61091711647728
32.50989806463069
28.767954634232954
22.143363352272726
18.709083753551138
9.515269469105114
0.0
0.06137063210227273
8.4403228515625
0.0
2.012758074396312
13.837735609019875
8.805892808948851
5.906590265447443
3.0384735484730085
8.919980797230108
14.809413596413343
12.581913822798297
19.754678204900564
20.994963955965908
19.142572230113636
17.775126811079545
22.295396732954543
21.780731569602274
18.578659303977272
18.593672798295454
16.532730699573868
15.274108105468757
1.124139071377841
0.0
0.0
0.0
0.0
0.0
0.0
0.0
0.0
0.0
0.0
0.0
0.0
6.067883611505669
3.396984033203127
2.2457213778409044
6.600385404829546
7.50129468217329
11.70131473721591
10.718102774325288
14.635259037642045
13.271999485085225
6.088562810724441
0.0
0.0
0.0
0.0
0.0
0.0
0.0
0.0
0.0
0.0
0.0
0.0
0.0
0.0
0.0
0.0
0.0
1.0338155850497164
0.0
2.71561899414063
0.0
0.0
0.0
0.0
0.0
0.0
0.0
0.0
0.0
0.0
0.0
0.0
0.0
0.0
0.0
0.0
0.0
0.0
0.0
0.0
0.0
0.0
0.0
0.0
0.0
0.0
0.0
0.0
0.0
0.0
0.0
0.0
0.0
0.0
0.0
0.0
0.0
0.0
0.0
0.0
0.0
0.0
0.0
0.0
0.0
0.0
0.0
0.0
0.0
0.0
0.0
0.0
0.0
0.0
0.0
0.0
0.0
0.0
0.0
0.0
0.0
0.0
0.0
0.0
0.0
0.0
0.0
0.0
0.0
0.0
0.0
0.36523228870738633
0.0
0.0
0.0
0.0
0.0
0.0
0.0
0.0
0.0
0.0
0.0
0.0
0.0
3.084133425071023
0.0
0.0
0.0
0.0
0.0
0.0
0.0
0.0
2.5338492498224383
4.035670898437498
1.6544913085937454
1.3033344992897717
0.0
0.0
0.0
0.0
0.0
0.0
0.0
0.0
0.0
0.0
0.0
0.0
0.0
0.0
2.9168344593394795
0.0
4.421964000355117
3.5361899014559666
0.05881940696022727
5.563781463068177
6.7400254705255636
14.217548117897728
9.905810063032662
16.14105482066761
3.70020079012784
7.569402716619319
3.78248358931108
0.0
0.0
0.0
0.0
0.0
0.0
0.0
1.2871453568892055
5.001202317116472
5.586450008877845
0.44070963245738637
6.727954305752846
6.382320223721595
6.621346080433242
0.0
5.992070871803981
7.541390145596595
8.129506955788354
11.30874527254972
7.242157226562495
13.082555335582386
4.054385924183234
1.6743629216974438
0.0
0.0
0.0
0.0
0.0
0.0
0.0
0.0
0.0
0.0
0.0
5.7165517533735875
0.0
2.669731405362206
3.9319754216974485
0.854835546875
4.4641051624644845
2.202852792080961
0.23431918501420454
9.28974507723722
5.783026558061085
3.24935072798295
0.0
0.0
0.0
0.0
0.0
0.0
0.0
0.0
0.0
2.320354234730109
2.4483262340198864
9.877797713955975
11.829368226207377
0.0
0.0
0.0
0.0
0.0
0.0
0.0
0.0
0.0
0.0
0.0
0.0
0.0
0.0
0.0
0.0
0.0
0.0
0.0
0.0
0.0
0.0
0.0
0.0
0.0
0.0
0.0
0.0
0.0
0.0
0.0
0.0
0.0
0.0
0.0
0.0
0.0
0.0
0.0
0.0
0.0
0.0
0.0
0.0
0.0
0.0
0.0
0.0
0.0
0.0
0.0
0.0
0.0
0.0
0.0
0.0
5.189522722833806
0.25166643288352275
7.410737504438921
11.980366326349438
9.321444673295447
0.0
0.0
0.0
0.0
0.0
2.8464554287997172
0.0
0.0
0.0
0.0
0.0
0.0
3.535472105823864
0.0
2.0368757768110797
0.2541519708806818
3.815044562322447
0.06818792169744319
2.8897958096590908
9.255740056818182
5.469944495738636
4.083223499644891
0.0
0.0
0.0
0.0
0.0
0.0
0.0
0.0
0.0
0.0
0.0
0.0
0.0
0.0
0.0
0.0
0.0
0.0
0.0
0.0
3.637521466619316
4.936968359375
7.0939793235085284
1.9742512384588018
0.0
0.0
0.0
0.0
0.0
0.0
0.0
0.0
0.0
0.0
0.0
0.0
0.0
0.0
1.85018417080966
0.0
8.49578837890625
0.0
6.580694176136363
0.0
4.4688284179687505
11.805541122159092
3.5968798073508483
0.0
0.0
0.0
0.0
0.0
0.0
0.0
1.0525858886718746
5.697861825284086
14.176318004261354
15.033354802911937
16.547770809659088
11.271635014204547
13.023197265624999
11.341126868785516
7.243819877485791
14.00345088778409
16.250885955255686
3.2858199928977285
8.78053448153409
12.142491410688915
4.438413596413349
14.917750914417612
20.00692108487215
20.00787768998579
15.628812446732974
15.375674573863636
15.397063387784089
15.026912899502838
14.72711107066761
18.822912748579544
19.187997887073866
18.80798077059659
20.66690516690341
12.792608647017046
10.838183438387775
20.636588050426138
13.093546963778408
0.0
0.0
0.0
0.0
0.0
0.0
0.0
0.0
0.0
0.0
0.0
0.0
0.0
0.0
0.0
0.0
0.0
0.0
0.0
0.0
0.0
0.0
0.0
0.0
0.0
0.0
0.0
0.0
0.0
0.0
0.0
0.0
0.0
0.0
0.0
0.0
0.0
0.0
0.0
0.0
0.0
0.0
0.0
0.0
0.0
0.0
0.0
0.0
0.0
0.0
0.0
0.0
0.0
0.0
0.0
0.0
2.485599591619318
25.307944371448876
40.89877721946022
37.882311328125
37.358328533380686
35.10471745383523
29.824099769176133
26.808691015625
22.869700639204545
21.37182377485796
22.340430042613637
26.24900184659091
29.735596093749997
30.465036221590914
31.31785660511363
37.3091225674716
37.91236599786932
37.64395710227272
34.45515216619319
34.657773579545456
35.43028487215909
36.452612109375
36.281835617897734
35.88159943181818
39.072692080965915
38.44452176846591
34.543806853693184
30.137423828124998
29.306746928267046
17.135555664062505
12.457521537642045
24.39351969105114
25.496144762073865
25.577553977272725
26.749025266335227
26.482915269886362
27.62014671519886
28.845127308238634
24.609691175426136
28.779982865767042
29.363567897727272
29.633221218039772
30.244891015624997
29.153675390624997
27.351852059659095
26.543218998579547
26.178750106534093
25.520322833806823
29.640445543323867
29.974000426136364
26.41622238991477
22.734857936789773
21.16801917613636
21.114902965198862
18.93930115411932
19.11534373224432
17.805255078125
17.908645916193183
19.464538547585228
21.836829385653406
23.456955202414772
24.796912020596594
15.97845021306818
22.717463818359374
23.87300925071023
25.787624005681813
25.63591883877841
26.01697959872159
27.368902325994316
27.305993661221592
26.155541441761365
27.565470188210227
33.90169493963068
36.209034889914776
34.00190846946023
28.610998473011364
27.675381640624995
24.279287695312497
20.30246997514205
17.198597123579546
14.56012886186079
9.56650266335228
18.835683931107955
20.37631740056818
23.166402201704546
29.20133125
31.25916613991477
37.204094921875
39.57163810369318
39.17539343039773
39.07529069602273
41.716713778409094
43.22426345880684
41.887395028409095
43.44563132102273
44.56706899857954
49.186581711647726
48.59328636363636
46.42469485085227
39.22384918323863
36.45474303977273
33.47772391690341
26.23663330965909
20.889407723721593
15.99435095880682
7.442360360440341
18.7131872602983
23.191975142045457
17.97869349254261
25.531517507102272
36.442853746448854
25.56791731178977
0.0
0.0
0.0
0.0
0.0
0.0
0.0
0.0
0.0
0.0
0.0
0.0
0.0
0.0
0.0
0.0
0.0
0.0
0.0
0.0
0.0
0.0
0.0
0.0
0.0
0.0
0.0
0.0
0.0
0.0
0.0
0.0
0.0
0.0
0.0
0.0
0.0
0.0
0.0
0.0
0.0
0.0
0.0
0.0
0.0
0.0
0.0
0.0
0.0
0.0
0.0
0.0
0.35222875088778366
0.0
0.0
0.0
2.5186835271661967
16.158902627840913
22.541185688920454
21.84618584872159
20.075964488636362
21.15427665127841
17.29359811789773
17.697743181818183
15.341220028409083
14.012487935014208
13.24667163529828
12.14700893998579
11.987751367187487
13.026974991122136
9.321194220525568
9.898714564098007
6.026359978693182
1.0322035955255682
8.219118749999994
9.685391694779826
6.466711696555393
0.713913370028409
8.836898517400572
10.403279549893465
15.158277357066764
18.814548126775563
22.32448924005682
22.63379422940341
21.93748249289773
19.654832421875003
19.519754296875004
18.71434460227273
17.972264808238638
16.002155877130676
0.0
0.0
0.9191476917613636
2.379763827237221
6.61290465198864
1.8988820134943134
4.039385662286936
6.798606938032682
7.666755464311086
1.4428928178267073
5.507632519531259
11.700089786044037
8.170980801669037
0.7507105868252846
17.902656400923302
19.56217593217329
18.06639411399147
15.718693359375
15.01830970348011
14.743925071022717
13.51546273970171
13.112368750000009
12.224409605823864
11.91073900035511
0.0
12.593661372514214
16.47317614524149
19.378273011363635
13.772567311789771
19.220131587357955
21.436238760653406
16.995498544034092
15.767155637428989
17.943226935369317
18.602389959161926
16.82919552556818
18.4703425337358
19.891805007102274
24.148339488636363
21.36489012784091
22.40237583451705
22.423476491477274
22.908262943892048
19.53442457386364
9.607549501953125
0.0
0.0
6.67095898881393
0.0
12.005582919034094
16.217539240056826
20.13363611505682
16.026079616477272
23.511544637784088
22.242708274147727
22.89787556818182
22.762710262784086
22.153305859375003
21.351902734375003
10.212979714133517
9.227783167613632
6.5275376198508575
13.890091104403409
22.172159375000003
19.32924597833807
16.11126091086648
15.90646374289772
17.390581427556818
15.836365021306818
14.6546875887784
13.26340297407671
11.388546741832393
7.023989679509947
17.038808771306826
11.866678444602274
10.76211412464488
20.428756871448876
14.221194105113637
0.0
0.0
0.0
0.0
0.0
0.0
0.0
0.0
0.0
0.0
0.0
0.0
0.0
0.0
0.0
0.0
0.0
0.0
0.0
0.0
0.0
0.0
0.0
0.0
0.0
0.0
0.0
0.0
0.0
0.0
0.0
0.0
0.0
0.0
0.0
0.0
0.0
0.0
0.0
0.0
0.0
0.0
0.0
0.0
0.0
0.0
0.0
0.0
0.0
0.0
0.0
0.0
0.0
0.0
0.0
0.0
5.425552978515629
1.2395246715198909
11.251909024325288
14.651326420454552
12.578713352272727
4.308157705965904
0.0
0.0
0.0
0.0
0.0
0.0
7.178498322088076
14.509438121448875
9.074667950994309
0.0
0.0
5.683734565873575
7.865931791548295
8.945889013671875
3.2691976118608
6.9591908913352265
12.765110937499996
11.343171604225848
15.307767223011364
21.66350791903409
23.173724414062498
15.321102965198873
15.762357998934654
13.042689444247152
10.162776083096576
0.0
0.0
0.0
0.0
4.392113987038344
13.495845454545472
8.49451221590909
1.6589492009943192
3.5103889160156228
2.884070134943182
9.373943892045453
10.445786550071025
8.841637033913356
6.727078280362208
10.14588832563921
12.668814364346593
14.964674857954519
22.526046155894893
23.84677469815341
22.576350639204545
16.78859815340909
18.020318554687503
17.600840518465912
15.516902787642032
12.409628267045465
4.808860671164772
3.796000878906246
11.780541290838068
14.652636647727263
21.205909463778408
25.313179261363633
28.132772194602275
28.93489715909091
29.249945010653413
27.011841850142048
32.53704222301136
34.12345058593751
35.96223600852273
36.399385191761354
36.42145568181819
35.523522194602265
42.65768199573865
43.67137201704546
40.21858838778409
29.975940696022732
28.50823680752841
25.904821040482954
20.63493602627841
14.129034037642045
7.5415313210227275
2.5687159357244256
15.107277299360819
20.98410529119318
24.19363618607954
31.211512677556815
30.858078320312497
34.61866906960227
37.38622791193182
35.978551171875
36.025756178977275
32.742989719460226
31.445943714488635
28.200266921164772
26.053140092329546
26.07482745028409
30.59151276633523
29.539113103693182
26.672313742897725
19.299750213068183
19.67398506747159
19.259527485795456
19.267358398437498
17.037976269531246
16.74012045454546
17.312533824573862
17.547858575994326
21.321218483664776
15.289141850142046
14.54329636452416
17.98621608664773
13.05926661931818
0.0
0.0
0.0
0.0
0.0
0.0
0.0
0.0
0.0
0.0
0.0
0.0
0.0
0.0
0.0
0.0
0.0
0.0
0.0
0.0
0.0
0.0
0.0
0.0
0.0
0.0
0.0
0.0
0.0
0.0
0.0
0.0
0.0
0.0
0.0
0.0
0.0
0.0
0.0
0.0
0.0
0.0
0.0
0.0
0.0
0.0
0.0
0.0
0.0
0.0
0.0
0.0
0.0
0.0
0.0
0.0
0.8160841264204546
13.084308123224435
17.524236443536935
17.591401864346604
15.98145320490056
15.180505779474432
13.77753137428977
13.938039311079581
13.762096404474418
14.266345729758518
14.393358354048326
17.004226615767035
22.045512180397733
24.221549733664776
17.33703330965909
24.1361113725142
23.984199733664774
26.101017915482952
28.193596661931817
29.7233447265625
29.463345969460224
25.578777876420453
24.581365962357953
26.932265749289773
33.19686594460227
31.817550550426134
28.548176278409095
27.827518874289773
26.917971910511366
20.809043803267045
16.601333780184664
8.950130397727264
0.0
6.211997740589479
7.923965545099431
12.047668199573856
15.929133451704557
20.451995880681817
13.046336523437498
13.469543026455966
16.7449309925426
17.448525843394904
16.49683835227274
17.715345179332385
18.015099298650554
17.162742080965913
18.55279615589488
19.63589911221591
24.766367897727275
23.45331780894886
21.8330197265625
12.554441548295472
11.32847819602272
2.2858180442116467
0.0
0.36429538796164773
0.0
0.0
0.0
2.220967005504262
0.0
0.0
4.514749245383519
2.5182765891335253
1.5573101207386364
3.6476874911221686
6.527368496981534
3.137255015980109
2.4227033558238635
7.570921257990054
5.617410387073861
0.13870889559659091
10.568277547940339
9.987774090021306
10.776414248934659
0.0
0.0
0.0
0.0
0.0
0.0
0.0
0.0
0.0
0.0
0.0
0.0
0.0
0.0
0.0
0.0
0.0
1.68970712446733
3.366833203125
0.0
5.4234207963423255
13.296572398792607
1.0465096191406245
5.209633371803977
0.0
0.0
0.0
0.0
0.0
0.0
0.0
0.0
0.8217902210582391
3.0808232199928924
11.070698757102274
12.95910761274857
9.281917640269882
0.0
0.0
0.0
0.0
0.0
0.0
0.0
0.0
0.0
0.0
0.0
0.0
0.0
0.0
0.0
0.0
0.0
0.0
0.0
0.0
0.0
0.0
0.0
0.0
0.0
0.0
0.0
0.0
0.0
0.0
0.0
0.0
0.0
0.0
0.0
0.0
0.0
0.0
0.0
0.0
0.0
0.0
0.0
0.0
0.0
0.0
0.0
0.0
0.0
0.0
0.0
0.0
0.0
0.0
0.0
0.0
6.360197136896304
12.008322323330963
21.25370479403409
18.510667294034093
18.116151473721587
15.141058647017045
9.930315971235787
3.0670627397017043
1.608586057350852
0.0
10.401491281960228
11.685050337357955
12.939330335582389
16.77440755504261
11.667816867897727
12.045148708274153
13.9966717418324
13.607149547230108
7.041703156072435
14.294584410511373
15.787501154119328
14.955504696377846
9.978866131036925
6.4593229891690305
17.290075053267046
20.820550284090906
21.04740942826705
16.898251793323855
13.847013574218773
9.080570969460213
0.0
0.0
0.0
0.0
0.0
0.0
3.930761727627841
0.0
5.3383223144531335
0.9085542835582381
4.748923215553982
8.351310533558234
7.617184401633517
2.1663512295809615
2.484153053977268
6.581863920454555
6.7890196289062565
8.209955300071027
15.117705530894883
14.154252894176146
14.655810067471599
14.89167253196024
15.833720223721581
15.711767773437492
13.467683007812498
3.6298104669744267
1.108687189275568
1.7652094193892092
18.52928381569602
21.234614169034092
23.976380699573863
26.264719602272724
25.213659960937502
25.46039841974432
26.963730255681813
29.42987175071023
29.99833419744318
31.21840106534091
30.657478071732953
32.820649218750006
31.069133966619315
29.294779403409095
34.26572096946023
30.660868678977273
32.208650674715905
29.351815980113635
27.906277059659093
25.692307475142044
19.35441015625
14.396578764204547
13.727478258167638
3.0329667347301092
14.490484694602271
15.954905326704528
19.280441246448866
20.945257830255684
11.445216193181817
11.242035644531244
11.058478400213064
13.692058362926128
21.131751260653406
22.513069282670457
21.06456397372159
21.737564914772726
22.595570134943184
22.77211173650568
29.201069708806816
30.08371532315341
32.61307510653409
30.172829882812504
31.26011040482954
31.420728462357953
29.66998987926137
31.257307049005682
32.27741377840909
29.593005131392047
26.0911400390625
23.444203462357958
13.379648401988636
11.088512974964486
11.501044384765617
7.753745956143467
0.0
0.0
0.0
0.0
0.0
0.0
0.0
0.0
0.0
0.0
0.0
0.0
0.0
0.0
0.0
0.0
0.0
0.0
0.0
0.0
0.0
0.0
0.0
0.0
0.0
0.0
0.0
0.0
0.5380361594460227
0.0
0.0
0.0
0.0
0.0
0.0
0.0
0.0
0.0
0.0
0.0
0.0
0.0
0.0
0.0
0.0
0.0
0.0
0.0
0.0
0.0
1.4172363103693184
0.0
0.0
0.0
0.0
0.0
2.8571545543323817
26.60732654474432
36.165675799005676
37.805536541193185
37.39314193892045
35.735022407670456
31.25985894886364
28.579277325994315
26.179197230113633
23.219174840198864
24.66964666193182
28.161886772017045
30.29133119673296
31.097186310369317
27.299446981534096
28.381108806818187
27.01276676136364
26.75576150568182
28.764629936079544
30.036765429687502
30.830080859374995
31.46422139559659
31.045404971590912
32.3787462890625
37.296350017755685
38.17719469105114
39.34779893465909
40.376436399147735
39.428432279829536
36.006483984375
31.158922105823862
24.135711487926134
23.5141099609375
21.425351029829542
26.625267205255682
26.920262766335224
27.259025674715907
28.568707830255676
21.434601211825285
21.679735369318184
23.377238370028408
27.94635024857954
31.45807743252841
33.18831038707387
35.00701383167614
37.305817471590906
36.24724968039772
36.0706751065341
40.09873061079546
41.277086647727266
42.61177262073864
43.114144140624994
46.40312009943182
43.336744957386365
37.33871303267046
32.51554197443182
29.67860404829545
26.46486447088068
29.846106640625006
32.460211132812496
35.26756331676136
36.318660120738635
31.133506871448866
33.25869327059659
33.70163922230113
35.42448277698864
33.68359810014204
35.781024609374995
35.53584644886363
35.840482421875
34.78494039417614
31.89778636363636
36.303549627130685
34.866591139914775
31.75544268465909
31.620774982244317
31.91894167258523
31.29487572798296
29.00692189275568
28.276928462357947
25.222359375
23.584875177556818
27.29753263494318
29.241721892755677
33.762482421875
36.835520490056815
33.896100781250006
35.46740355113636
35.584770738636365
34.63722935014204
33.35609584517046
