13.823791582031259
13.764331044330026
13.439924936375473
14.21767326734138
14.156500821200298
14.214455415039073
14.235010361919972
14.392457490234401
14.440955397727283
14.611762869910029
13.331069815340918
10.769178511186082
9.679855792791194
9.068009743430396
8.645930810546872
9.102954576526988
9.542756918797355
10.693814698745244
10.581661292613626
11.527673902107
11.690259734552546
11.840879939038826
12.109215358664766
10.880594430634472
10.09624955610795
9.85191573745265
9.857545152698869
9.777571629379738
9.047715392696501
13.523101899414055
14.019705060369319
13.8048475600734
13.327168505859364
13.350113769531246
12.54934478130918
12.192362961647724
12.357513275331428
10.967758577473937
11.23008221176609
11.556579394531266
12.049418458510893
12.55206071555398
8.856217835582385
10.159983250473488
10.843606109434193
11.012820279947928
11.223947574869781
11.590716459517036
11.798376689749055
11.40668023348721
11.530625631806346
11.715371235795466
11.479667610677081
15.019470632102298
14.803667489346592
14.426740727095163
14.26540088038589
13.965571355646318
14.090411882990043
14.324920889559673
14.37537280273438
14.606632296105591
14.203436097301147
14.204730282315365
14.140862131569607
14.830230459872153
11.776709854403402
11.699300464606994
12.798294451349436
12.559201185191755
11.924705227568655
11.679601537346118
11.534840860262783
11.455516663707401
11.216008367365054
12.647468314985803
12.412197321851329
12.770402746212115
13.213823129734847
13.92298980379972
16.57287882930871
17.028256368371203
14.554659027284556
13.005601552142508
11.678882199928966
11.597517592921408
11.377622709517036
11.562756471946038
12.524800127249053
10.46951485262785
10.63806328125001
11.965095601029818
11.594488094815334
11.898066616358909
11.689367520419017
11.786138497277472
11.600738627485798
11.532448113458818
12.156598606178973
13.085412908380674
13.380157297585248
16.659059943181827
16.909403062855127
17.050871598307282
19.455647336647726
18.769758120265156
16.072409042080963
13.857209144176137
12.209246377840918
11.462179878373574
11.416992082445555
11.515208043323854
12.116548712713074
12.38376708096588
8.747173928000702
10.493490550278176
11.7639945933949
12.3313241196141
12.96214440991951
13.097831189334745
13.176709885475866
13.48080126065341
13.312946049360791
13.904024951171865
13.942580147668092
17.134816315991955
17.98521996922349
18.12707807291666
18.174154089725373
17.616402385179928
16.48532190015388
16.01885913381864
13.1188358783144
13.310652104048291
12.532340207741465
12.94633280806108
13.575744060724457
13.453588325639181
9.53183264234138
9.494714171253538
9.284284222597064
9.59794698153409
9.407139169034094
10.07100626775568
10.446726978278862
10.463085064512335
10.657867075047346
10.270625736860781
10.401189630681811
13.793181223366473
14.39391248520359
14.606101069779823
14.364757139263746
14.644220214843756
13.675796793619792
11.681973854758526
10.7647356134588
9.984809388316764
10.556944757634936
10.771819710286453
11.638302462121208
12.735255205374045
10.421831889204544
10.909279868016089
10.962120785984844
11.394324097419515
11.42175985440339
10.53527622366241
10.516179989346599
9.578429816228693
9.471569449869792
10.157453614760895
9.644527817234845
12.394776969401047
12.821414132043081
12.91905403053977
12.460769136186082
12.257281207090427
11.006168084161928
10.85818316613399
11.428405675899628
10.82265294744319
10.323077225378782
10.7328126331676
10.350583479817717
10.047395854048299
8.312056381687983
8.355410007546167
8.772177800958808
8.596432531368372
8.593021656013258
8.672254002426609
8.698536252663349
9.592723318773675
9.51663623046875
8.357920751953124
8.57384217862216
11.830954116210942
11.510304873934665
11.766984497810144
11.4034440266927
10.987968533972547
10.57147484907671
10.338805229048303
10.296778379498104
9.3644485040838
8.644954023141572
8.664778321792141
8.450661231948391
8.705016819069602
6.708791938920456
6.424674099638967
6.946163291607482
2.6220293775153882
0.0
0.0
0.0
0.0
0.0
0.0
0.0
4.965173293457022
8.190517772623696
7.954508307902019
8.236496231356535
8.120736822324812
7.973611803089486
7.7254285067471615
7.072157198449338
7.428807994495741
7.591470472301134
8.160027633019649
8.986087389026988
11.273140900213063
7.091701731178972
7.141704620176372
8.587529654947916
9.126305129912403
9.689417507102279
10.087916157670453
10.227260617897722
10.9137451615767
10.702183203125028
11.305024272017025
11.799454536576718
11.675698455255683
12.083388125887764
12.045030353338081
15.144924520596602
15.609893841737675
14.560318288352272
13.623929483309654
13.661519646661928
12.755070365767045
12.64957695312499
13.013633897076238
13.151740406013245
8.855739213423297
9.937877920809655
10.157730946673768
10.084047015565822
10.389149341560147
10.004782470703134
9.843482013494318
9.940122964015144
9.699411169803504
9.740479477391098
9.561171611624053
9.520104907966383
13.324408901515152
13.10166218261717
13.143492162346119
12.570930297111746
12.38092656305519
11.601828241891564
12.6312234448982
11.286434539240046
11.748962872869317
11.466868217329553
11.446304216974438
11.269759241832391
11.077795774147736
6.906820951704555
5.767023672022964
7.293374782492898
7.533382742217092
7.050929710434422
6.160248750443892
5.986339442767521
6.9884370154178495
6.959131130149147
4.97830049937855
6.042221173650568
8.878297499593106
10.618486162109381
10.659324753146715
10.773961514559664
10.498616530539774
8.511205495383523
7.325237023555871
6.644973135653408
6.259613006036933
8.358131471946017
7.539728231534091
7.851923475230822
7.980061687677557
5.216219509055397
5.262544992157907
6.60175917746804
7.279461151308005
7.630191699218748
7.587548011363637
7.799119393643465
7.869599196555399
7.551564601828836
8.055127422910749
11.2261907315341
13.6420771306818
13.142172013346363
13.751981640625017
14.302514790482952
13.338536727627844
12.164569264914773
12.077932173295464
10.31619513494317
11.604142754202186
11.85385916193181
11.227047215317237
11.0162390625
11.375748037997154
8.595041672585232
10.06953856090199
10.027333842329542
9.702428321792135
9.854809277343758
9.648748021721122
10.04400688624526
8.651232661576705
8.719708549360796
8.456928693181817
8.266710782137785
11.022506452636708
10.515180113636363
10.680576396484385
11.398765482954547
10.796944584517037
9.717253407611278
8.055722718012222
8.32037227450284
8.508768794389205
8.86989307084517
8.569930995501894
8.537254057173298
8.949637562144884
5.365521343809185
4.707833496093751
7.757754869495739
7.589580764678033
7.838292098721589
8.638606125710227
8.292203218217331
9.002500566702178
8.912587499999999
9.078527778764203
9.665812603574809
12.285275332031244
13.19571466796875
12.946356995738627
13.256241051136364
12.845204576526971
12.865419868607955
11.545864169034099
10.799218430397717
10.319908673650568
10.526153959517035
10.387547114701709
10.610587588778408
11.242210626775561
7.326194966264214
9.06861178977273
9.005988910097065
9.947534335049733
10.188411459812977
10.24960741299716
9.954484733072915
10.127616360381154
10.800453364701719
10.721493758877838
10.890366665187033
14.491729506835952
14.743198940577663
15.608351284327654
15.774351731178983
16.185393921638255
14.725970729758522
11.949150103574846
11.118661837121218
11.332632173295446
10.964874032315336
12.719327512428974
12.350151065340908
14.118950639204565
12.304826555101805
11.653865056818171
12.558609694602273
12.764171617542628
12.08951993667141
12.535835387073872
13.448577414772735
12.184822682883526
12.667473277698873
12.745090696022702
13.411978156072445
12.951288947088072
12.570768504379727
12.227987390506637
16.202444486860802
15.979583185369307
15.613147975852273
14.817820596590888
13.616031276633526
13.10388913352271
12.742947434303982
13.263190740411927
13.328731285511365
12.223483870442713
12.214446262428954
12.911915846946027
13.137730886008528
13.330726281368372
13.921289476799227
14.219105797230107
14.217862535511353
14.366508655894892
14.65217178326231
14.671215064216392
14.808430974786928
18.558067169744326
18.571275461647726
20.146495232599435
19.1496634617661
19.243842666903408
18.0328064453125
16.52141679687499
15.195579128196027
15.658056116832388
14.253478702059654
14.719253963955971
15.869234623579553
16.449652175071023
13.443168791429928
12.981003085049728
12.72921435250948
13.483440460759937
13.895209348366473
13.33054386393229
13.041873908025572
12.866228932883546
13.526488087417135
13.172941841264183
13.37507889885181
16.09872834309897
17.243284317294037
17.292544254557278
20.713099360795457
18.435307853929928
16.2820848573627
16.03020925958805
15.48341247040719
14.356688279770362
13.325735684481536
13.442821367483425
13.51753314985798
14.09012355439158
11.224219048147491
11.483375217507096
11.621036662523663
11.96221754557291
12.97778266157671
13.278961112097535
13.7233861180161
14.563813591974444
14.855754110440346
14.950089728338053
15.061802006392044
18.953036458333347
20.2660206640625
22.514517542613632
21.911950692471592
19.179389266690343
18.950282066761364
16.08289830433239
15.338326843631627
15.553962597656245
15.064789855587128
15.055295999053028
15.500939641039281
15.65559203657668
13.434698539595171
12.500279453716853
12.5968939897017
12.825765767045446
12.652263842033591
12.832543483664766
13.10392600319601
13.01778924005681
13.322010535037872
13.283905166903407
13.00023999467331
16.5054085595703
17.22020799804688
17.594884055397728
17.520407356770836
16.688278959517053
16.350448538115526
15.629792950994318
15.098268368252842
14.97627352627843
15.51306407285748
15.412526997514227
15.666857288707392
15.631774343039782
13.442394242720171
12.422200648082372
12.900953463837583
13.282878955078138
12.899103382457366
13.059514203065834
13.325080519108774
13.339438288648193
13.017330390329063
13.485031204131174
13.68760145152699
17.329709206321027
18.466114171993375
18.600349537037037
18.76833383345171
17.73554449344368
17.028008628071856
17.64343619284361
17.54348211373321
17.4227070016572
16.207520561079537
16.92529255149148
16.265260588304926
16.5853114316998
13.667119115471094
13.392251367187498
13.261859163411447
13.253852910452173
12.96703228130919
14.317762689393946
14.180131408321483
14.498093135949352
14.780727468039753
14.59437442885889
15.021216345584753
18.702097505326712
18.96264472360322
19.273018326822914
17.96572660392992
18.348569631865534
17.172063500236746
17.522066388494327
17.75469758522727
16.980891838304927
15.90533087121213
15.074681890684172
15.457417740885417
16.105100534150093
13.29368725881866
12.469082127426601
13.511822289299237
13.3807101384943
13.797869600793085
14.410169525331447
14.21986842595882
14.643687517755673
14.700351052024153
14.578293604995254
15.075635031960218
14.559619936671401
14.855786766098499
14.56125715701941
17.906021774384474
17.49051303562973
16.239682725201227
15.821437639086174
14.46740688772489
14.711021589429464
14.555421749230582
15.392672608901512
15.592515775923289
12.741364188269413
11.887147193122638
12.294541495028419
12.448631412760419
12.317136798650573
12.79726926195549
12.559929246567243
12.582804076408637
12.329838269412873
12.344044069602273
12.64679206321022
12.327931871448873
15.799684179687507
15.622447904829546
15.786025472005202
15.615450272154533
15.21131340952342
14.422724982244326
14.039714259292138
14.720927386659572
13.224484995709046
13.97473777225379
12.664146987452654
13.174195500414292
12.926556343217326
8.821716449159567
8.978109949840198
9.633042822265628
10.28841571377841
9.854190900213071
10.564696629379727
10.85070286754262
11.555706914358428
11.719450359552566
11.995274266098482
11.795039340672355
15.353973637251437
15.170322935901988
15.030416883138011
15.567138015126154
14.473945044685127
14.652686175722055
13.517929249526508
14.017382769590444
14.393677080374054
15.674184141216857
15.159169898200764
14.661888725142045
14.025150451290244
11.669671096709283
10.021807351592075
11.009771610144389
10.43409201887118
11.074485215435583
11.04777268288351
12.0712892134233
12.045353537819608
11.692205606356527
11.367854900568192
10.859405403645837
14.554272573390135
14.1003315641276
14.4229532285748
15.028189231178972
14.115340047940352
13.951096802497636
10.675326402698863
12.215340231415718
11.815437991240517
11.456689701704546
12.2305241714015
12.893613162878781
13.380470069839028
8.690557915334985
12.060461152047823
11.880935148851801
12.21901481934849
12.191717257043098
12.309095623224415
12.645235132575776
12.951108426550674
13.207588263494337
13.625620552201719
13.967972170928016
16.763368980823845
17.043877169152463
16.83929448061342
16.81708999763259
16.02547587150804
15.019424992601792
13.305360079308725
13.3195296209162
11.357398117897745
11.846234454900554
12.423368138908616
13.209794628906254
13.712446209161937
10.69103390817354
10.615370325816748
10.466077752130696
10.988367887369781
11.065463987038346
10.41352544389205
11.446335724431817
11.835173069069619
13.07171802497631
12.799149584221125
13.109526158558227
16.456710216915244
16.569200300366933
16.61502511881511
16.53530776515151
15.930482229521772
14.88098164802322
13.327050656960227
14.088396679261173
12.923826128965437
12.936857886482018
12.896983836410984
13.3256997455019
14.017748703835226
11.815081334339471
11.05446796727034
11.293551205906725
11.269990010949336
11.666526979758533
11.424358867483427
11.84599837199458
11.706658565636838
11.844936026278408
11.845718349017519
11.649721729995253
15.58163831824101
15.971339219341855
16.943624172881155
16.201631790068664
15.45281145685367
14.793251932410026
13.292785345643937
11.86870090258049
11.410605961470171
12.39352360617898
12.02323189808239
12.251455224609371
13.553178919566756
12.069872416548293
11.940381426077181
12.248569442471602
12.48747788973722
11.465508578953601
11.680499057469234
13.1842590139678
13.018677614524144
13.228186958451689
13.251725744259
13.239597841205017
13.407544627426608
13.331793566524619
12.761916844223492
15.58108958925189
16.022388769531243
16.488269695490047
15.20478293678978
14.358177346709255
13.83169770063919
13.619232737038356
14.480110893110792
14.636766135475863
11.619139422052566
11.580491267163834
11.789325288529826
11.526096556877372
11.83975323301372
11.511981560724438
11.894877627840929
12.720120515210716
12.134424371152937
12.962933602627855
12.749514173473019
12.343297099905318
15.968972469815334
16.61689950580018
16.829985582386374
19.484177497632583
18.426963426254737
16.849358614464958
16.76530271957861
16.579836479048303
16.261217274798774
17.04803299449574
16.699572138375945
16.4528047540838
16.601483947383983
14.307914843749986
12.607706363932293
13.533525075461636
13.008101213304917
13.256342480468772
13.462548832563932
13.69869290216621
13.265726627604174
13.229265030184655
13.568158765388283
13.673570825935146
16.744283829012783
17.414976124526518
16.98170848307291
18.581658522727263
14.906001276929453
14.577673320608437
13.72931864198626
13.582850366950755
12.608703403172337
13.188701703627055
12.484390163352282
14.124587871389663
12.921443745561076
11.616341961115065
11.489131736801598
12.409946670809655
12.131591860499544
12.403555354817701
12.534169389204548
12.828150452769892
13.06965948153409
12.24368130178741
13.4672121537642
13.225915373461202
16.68920713778408
16.836178736091384
17.082088476562497
17.175508126627612
16.195960791015626
16.548251627604163
15.001739136482007
14.302127215021319
12.772317641749536
12.51702592477509
11.362407575757588
13.459561168323857
13.606571991891592
10.696678391335245
12.320582803622152
13.291238507634938
13.42118115826231
13.375578790838073
14.066361314808255
14.00819388612689
14.502249348958317
14.869890595407202
14.977562038352284
15.148938112571019
18.714611845999062
19.9046365678267
19.959303441642987
20.715321315696027
19.40454464962121
18.49551424893465
17.342011061789773
15.82227037612452
17.16042415956439
16.61504589843751
17.508261181640627
18.30380634173768
19.29924286813447
15.106460869436546
15.333209824810602
14.961318204012771
15.405568085641567
16.178560058593753
16.268078875177572
15.922203808593743
16.76834083806818
16.6806553770123
16.67336639441288
17.20431935369318
21.032859472656245
21.808769208688446
22.564301867305865
22.829802391098482
22.41315381451231
21.14600847537879
19.60794698449338
17.354817746803985
16.351320316938907
14.972498378314391
16.27802748135655
15.618020103870753
15.443778391335227
14.729187204071973
14.500268776633527
14.699348446377838
14.84803309955018
14.764464781605119
15.134841277521309
15.100368476266572
15.0785755933357
15.603339929569126
15.482631988340417
15.935912106415701
19.640767125355122
19.27851663411459
19.57357136008523
19.31168676609848
18.108728909209283
15.279365926846593
13.647927908972527
12.1106102006392
11.907619904119299
11.4938076245857
11.681392816347055
11.5899621907552
12.272491472833819
10.0119534823331
10.801358422111736
10.94986165512549
10.950701043146317
11.0191345629143
10.975066964074337
11.21788113458807
10.910834608783155
11.308743769235326
11.175732093394892
11.508053764204535
11.879575230823855
11.7611296623461
12.184880342980584
15.070373219992911
14.846539657315345
14.06381616654829
13.888288077059663
13.67965805220171
13.282322369199818
12.362594859730109
13.097926083096588
12.60450360884232
10.623208979936075
11.776247674005674
11.497379755563436
11.497493399325291
13.055490132505527
12.203755350378799
11.434621220999047
11.988683430989573
11.809880735085237
11.828159358723964
11.635879973070537
11.9810542347301
15.37415619969223
14.4086338660038
14.831631615471126
16.835224816524626
17.01807035688921
15.842323268821017
15.743053153113154
14.910617064689871
14.863146923828134
13.397369997336654
14.438865047940366
13.977587300248574
14.300333049242415
10.319319453568896
11.199991249408132
10.966078166429918
11.21033998875471
11.377335037878792
11.322428554095636
11.513028459398683
11.271888779888727
11.358253705018946
11.322570818536928
11.47657139263731
15.054568755918574
14.622570783025564
14.916952308238647
15.639372028882583
15.307250053267047
15.164874825402455
13.428066967033637
13.366294232362684
13.143145454545463
13.515871120383508
11.692082910156245
11.968365488873125
11.591724452533136
7.429765798117893
8.447999371152937
9.113630171342331
8.845190363103693
9.154268004261365
9.420802212062027
9.595335323449339
9.836672167968736
9.876683726917612
10.460658105468745
10.298902340790717
14.045107774029356
13.510933888198382
13.876565345348018
15.3710130637429
15.112088483960708
14.410152056699816
13.461660617336497
13.079947222715429
12.225025517874057
10.806533235677074
11.659504909446026
12.02054867572208
11.256956360973016
10.049109511126895
11.083959703480103
11.529106824100383
11.991512331321026
12.739873384232965
12.675391193181799
13.394147638494337
13.713034175248582
13.941280326704536
14.376435857599445
14.448419673295456
17.899887195194136
18.06279666785038
18.721335511363634
18.262428196022725
17.453609638375944
14.4323205965909
12.471581665778881
11.536963680752837
11.224700914417598
10.230884994969221
10.865617535215428
10.34880139382103
10.606800238222068
8.654397653290712
10.793926938328598
11.015676501834763
12.122313861268953
12.139872283380681
12.288576615767045
13.052154469992892
12.923900772372155
13.396214586292617
13.636898512961665
13.3500792850379
17.145605761718745
17.29402262961648
17.75361918501421
17.429066802793553
16.286891061493836
14.794407010535048
12.1232022549716
11.27603436020359
9.935849566465434
9.91547653142755
8.92312177438447
8.748950426136362
8.790748916903409
7.957597542317706
8.761670052823154
9.801794617069124
10.53850271070076
10.605760179924244
10.462285261304455
11.319485788056328
10.666839364346599
11.664285048236254
10.825942882930853
11.20460002663352
14.476512251065346
14.426324021957852
14.881575150923283
14.843059047999526
14.276743519176163
11.419156658380679
9.654843884647255
8.544871501390865
8.089038596413351
8.484234228515625
8.11999083362926
9.471639009232959
10.482838281249991
6.961238196910508
7.735406485262786
9.126585975970643
9.599009996448864
10.279724708510885
10.502578225615537
9.94998997691762
10.30475292080966
10.6463391394413
10.612352746212126
11.81887182025332
11.212337943892045
12.190964821555417
12.885262606534075
16.56718461470171
14.086314651396792
12.704932862807755
9.798083886718759
9.074245555160987
8.581884011008523
7.986944686612215
8.70569909963897
7.831112124171403
5.013822703598485
8.00813329708215
8.923627869022253
9.661110404829545
10.697474235026052
11.326011489405763
11.5760146158854
12.087369674775108
12.18273463985559
12.44608415305399
12.967301652758033
12.859113577178038
16.481239973958328
15.880382034209289
16.658327624881636
15.920130563446964
14.821938479521792
12.285056226325764
10.858470854048292
9.750245584753797
9.316855912642048
9.074638048946492
9.485478755326707
9.240475701349428
10.364682359730118
9.77783853574811
10.095422602982959
11.60633720259232
11.532700229344226
12.323574633049237
12.680275732421874
12.589700264855592
12.821783342211182
13.233594202769892
13.360094710286463
12.874895870324345
15.766517107599435
15.660959654652002
15.710935008285999
15.019681662819602
14.687305183179454
13.434070035807292
12.943030983664773
12.684718929036444
12.277714000355102
12.012979208096608
12.364744411399146
12.609013534268483
12.241732322739127
8.312799994081447
8.98740609426788
9.535643300189394
9.549999365234378
9.65897537730824
9.786269815340903
10.334652152876425
11.481380637428964
12.36775891483191
12.2768400834517
11.066805286754263
14.21538172940342
13.9183866373698
14.578287636126891
14.952091120679444
15.362540332031239
14.412111665482966
12.801170632102291
11.672189630681801
11.495198049834263
11.73096083688447
11.067755103278891
11.34232516276041
12.085921963778418
10.717755800189398
10.557593121152932
11.916876988636373
11.642046493252842
13.171993449633055
13.694337615411937
13.821091058534556
14.298524884588067
14.241323578065824
14.46288532640861
14.999756936553018
18.3191871019768
18.813137446732956
18.71741204723011
20.153411319247166
17.78893960404829
14.552766499467339
13.840103928444602
11.656712268880202
10.301747691761365
9.14733382901279
10.220432947147266
8.19283368252841
10.39612717803029
8.944002257191057
10.769278963955957
11.235785058593756
12.282868749999983
11.263943016098482
11.165362597656245
11.274385777698853
10.651650387665734
11.635812457090411
11.822628311434654
11.4483006924716
13.65514675071023
13.153457424834265
13.016108531605118
13.359254181463053
12.819565589488628
10.809804147431354
10.212454569128791
10.582997802734377
10.574752565696027
9.642842755681817
10.549157555042605
10.090714630681827
10.746311922940352
6.774163769531237
6.6376316709576235
7.945821027166193
8.119984410511362
8.53222479580966
8.419423876953125
8.717834810014205
8.533244100674716
8.850783238636366
9.204848999763255
9.155306608072912
14.289805717329552
14.247821210641582
14.925982244318199
14.112683373283607
13.625007228042147
12.999028932883526
12.725985255385892
11.833482475142045
9.33568633256392
9.943975035511366
12.502809770063926
11.410820074277952
11.961824218750008
10.405765731534084
11.134579712653888
10.51055327592329
10.992417214133527
11.031687544389216
11.27979131747157
11.491908540482946
11.040135919744309
11.5301250443892
12.746482818418553
11.929567107599418
12.14474203657668
12.398192396129247
13.197963316761355
16.05735790127841
14.554684718276512
11.958265829190344
11.347633824573863
10.394283540482947
8.709734437144887
8.964734261118737
10.20103330078125
9.657046678207866
5.891170920632101
10.003354616477266
9.826880079604633
10.585324813565327
10.826530607836183
10.298913911576708
10.259496863162877
9.898955625591858
10.39037409446022
10.924791551254746
10.539705190577676
10.974760817649134
14.218301276929447
14.037494526811072
14.349679695926428
13.499229069010418
14.102297870797827
13.451763639322927
12.724561940696027
11.788351007634935
10.730315549538364
8.644767524857954
9.95569724113441
8.878228684303982
10.98647347301136
8.51957807617188
9.311404740767033
9.84762779208097
10.008079135594237
10.233585694839014
10.759364041785046
10.92767121064159
10.7951098248106
10.798498816287873
11.125307315340907
11.511447656249983
14.633622978811557
15.08861547851563
14.81271636925901
13.52344930013021
14.100780218690842
11.914086178681345
11.21852343010179
10.46747204071969
11.787354092684645
10.560679036458323
9.959851151160036
9.29315344460228
10.848846941583817
7.477444584517046
8.897128391335222
9.129967511541189
10.614153633996212
10.4157660200639
10.764472966974408
10.861364065459274
11.380027414772709
11.292345435310127
11.727631019176119
11.998634561434665
15.328037372750936
15.479560644531245
15.909204498106044
15.32306228693181
12.341762281013253
9.550814368785511
8.38492430752841
7.76133163618608
8.517186860795455
8.9107456809304
9.942822780539775
10.117358334812984
10.212974638967802
7.476031551846586
8.28073035148852
8.518763626006153
8.854157444069601
9.045093066406253
9.151786881510416
9.251663955965906
9.536117888849432
9.633353274443657
10.784154998224441
11.356199360795454
13.616770640980116
13.459224556107955
15.060628560014202
14.302585532078602
11.999227833510908
8.436996550958808
7.920126819957385
8.138874604936083
7.6513887340198865
6.7850283203125
7.369127308238635
7.889875863370026
8.497203573330966
5.980632590553977
5.911613654119319
7.7550433127663405
8.271159167850378
8.531368417080968
8.622392046934184
8.87248121744792
8.749609082031249
8.601364359907672
8.670380903764205
10.591369973662404
14.566068430397737
14.398816184303973
15.383146916429949
13.773959126420454
12.892917569247162
12.270206397964028
11.9325924272017
11.168243208451702
10.013250177556811
10.55424189749053
9.522070564038826
9.231466508345177
8.364512744140626
7.668956207090446
8.943235796934188
9.736946653053979
10.425008818655295
10.712990482954549
11.19766595348011
12.369305051491471
12.66780798117897
12.893328286280765
13.205522219756135
13.486870676491474
17.11194102894177
17.383085638612695
17.36726193181818
17.059890767045456
15.763614874822446
11.344643314985781
8.75989698153409
8.744819094756155
8.341377089251894
9.016795783025573
8.728221240234374
6.08941814852628
8.014023873993844
7.918171613103698
8.4641664173473
8.58261318951231
8.837572486091382
8.425624804687502
8.633417045454546
8.822127172111744
8.665060777698864
9.125696022727276
9.124419691051138
9.450174857954545
9.074120463423297
8.374041357421872
8.519693860973009
12.047645827414778
11.07407590553976
9.342169140624998
8.6061712890625
7.543729703776043
6.911127007871684
7.557006241122159
10.304361603338076
7.137896099668563
5.412542755681817
5.182172183504973
8.368889071377845
7.72240781102036
7.517236722449102
7.722565285422587
7.26479454012784
7.778607238399624
8.488548810369316
9.992141810191756
9.498725150923294
9.47559383729877
13.34745887784091
13.282701262133058
13.382226020951718
13.260726882102274
12.428987861032182
11.11918549508759
8.316145658735804
7.77865040320194
8.55171631895123
7.762301589133523
10.219218280954074
12.8466731977983
10.529036940696018
9.73550478959517
9.387440722656262
10.338898758581898
10.380100554865049
10.433958407315334
10.566595737156732
11.085912881747165
11.339227308238662
11.836589852627837
11.732430610795445
12.150927077414764
15.269277033025572
15.004050772372164
15.576338044507573
13.601343162582856
12.248255279356044
10.527481489701701
10.5897549715909
9.614147583747625
7.302501149680398
7.4727233516808695
9.14485995205966
10.630588059303973
10.78701545484137
6.177055489464965
7.764367311789773
8.97339478426847
9.024015934244792
9.403863494318182
10.077827755089956
9.977871493252827
10.32438832267992
10.928779723011372
10.88277903497867
10.904114975437972
14.680302778764219
14.27434582741479
14.540102201704554
13.50757799183239
12.092002654474426
11.084378551136355
9.482620309540719
9.781785120738638
7.914792913952291
8.882842953953599
9.238925177556824
8.651740975674715
9.711420503373587
7.280638143643475
7.876521429628315
8.810417911044038
8.744517149029354
9.19430778734612
9.628291894531259
9.430703098366473
9.7506776899858
10.151393915719707
10.085218128551135
10.362100195312497
14.326419075520848
13.103491042258497
13.258779413766591
12.443874221709281
12.132113404060137
11.198141024502844
9.439931986860786
9.004547505326702
8.326642444957388
8.182956112393466
7.778915708599668
8.017209050958805
8.172952268288352
5.508235046756628
7.513252326734138
8.585639848188919
9.222735213955968
10.177680450994309
10.569501473721592
11.299785276100836
11.734556942471592
11.437843131510428
10.979678098366474
11.034215228456416
13.919559000651041
13.646555776515156
13.099001988636362
12.694984974254236
11.821091179865062
11.3012823256984
10.027314297762784
9.452310702237217
8.840405308948867
8.012058917791196
7.520764171253552
3.8664294633345175
7.8352016113281255
5.363865891335227
7.421772316672584
9.188217196377842
9.981980644827184
10.415493678977283
11.056076725260437
11.588010390033135
11.901778636955491
12.412146280184663
12.676117826704543
12.870738738458819
15.490948970170463
15.928574772135432
15.768721297940347
15.195791607481073
13.103565660511373
11.546657639382117
9.751558766867909
7.8663590657552085
6.386746843927557
5.104618479225853
2.7696405917080953
1.3991729869495737
2.427609298058711
3.2531549183238635
4.916248850319604
7.3471742365056825
7.914240487393467
8.519400915897254
9.219629687500005
10.152085354521779
10.645236473129735
10.976629261363636
11.254881818181827
11.598942409446018
11.972838476562481
11.492698845880666
11.839263467684663
13.211011532315332
10.663233327414765
8.755593581321024
6.756490003551137
3.675493919418798
0.0
0.0
0.0
0.0
0.0
0.0
0.0
0.5495596435546873
4.73077881969105
5.406666340406013
2.164516401811079
7.7819687958688455
7.490806726444131
6.893200772372159
6.596908990293563
6.81230986772017
9.96352116033381
10.04391405214251
9.728842116477267
10.301905775035532
9.176799118134474
9.440843541370738
8.985165805516099
7.906192751242897
6.68779326023911
4.873598761541193
6.980511141690346
2.0336619584517046
2.594640720436791
5.0240047141335245
4.998653586647725
7.33001231356534
8.000382473662405
8.512288818359378
8.269521803977272
8.230195272549716
8.591051241418088
9.655175213068183
8.607379070490056
8.310691264204545
11.613657319779831
10.86902062322443
10.728358504971581
10.535633833451696
10.277913183593764
9.380102016009717
9.015707831735323
7.746284312855113
7.506648490027225
5.04478673650568
0.7716145174893463
0.6898442227450284
1.7105900501598021
3.193647630356297
1.7344108176491482
4.240374301609848
5.902472000029593
7.22985505814986
7.476130122514203
8.803057479580968
9.095272851562498
10.149616273082378
10.520010662286946
11.159424192116454
14.006473937618374
14.330801158558234
14.373989248934656
12.877474425899617
12.526352388139191
11.106894094756145
8.077099174360796
6.7978800796046395
6.875038154000947
5.988401562499998
6.126923184481535
0.0
0.0
2.978722008167614
5.66084328983191
7.661939532285748
8.622476330196498
9.467194522372159
10.202430007102278
10.917479811789763
11.674572478693172
11.824014328835228
12.524830390329074
12.838783827533128
15.972216864938453
16.709631798946493
15.978408540482963
15.122540380859373
10.882292992424238
8.93437410925663
7.62573505415483
6.651042368755918
6.115436106178976
5.960258519767991
5.95029951911695
0.0
0.0
2.2220709346886838
3.6283713312322465
6.7308019664417635
7.921036301491478
8.436422499408145
9.42145956143466
9.772905788352285
10.405297736150567
9.887093776633533
11.261966326349418
11.5156201615767
15.437934721235784
15.527998131214492
15.906635978929938
14.126337430456909
11.13281113281249
9.138505184659094
7.8860991758404335
7.536539818341009
7.7418184540719714
7.829309845525569
7.1729469238281265
6.957845126805162
6.526793521395598
5.57672615411932
6.803561483487216
7.933127846087833
8.146311143169983
8.376171525804923
9.052723908025568
9.588408373283624
10.283885697798318
10.682669566761373
11.801873925781246
11.392583007812508
15.088727858664765
15.337853824869798
15.563035825047365
14.965332253196
12.05142577237218
11.536205442116456
9.358178848544036
9.48411817294034
8.404629245087595
8.749956392045451
9.832491122159093
10.403481349135909
11.055325665838057
7.241261119495719
9.078846759588068
9.78091178089489
9.65344358871924
10.101776876183706
9.975889433889678
10.389159357244324
10.305389390980118
10.655825932173302
10.379975639204538
10.592287164121691
10.574267711292618
10.546530350378791
10.474762357954564
14.130316938920457
13.277494327059655
11.892423925781246
11.867370271070063
11.772106405362235
11.453602451763727
11.335255314867437
11.286234383877835
11.365341273082372
7.412176506273678
8.076101695667614
9.323680628551136
9.308979119318183
9.812533248993848
9.717492072088062
10.766288734019879
12.055964551834563
12.16081814926609
12.92396377840909
13.28146063121448
13.278019025213071
17.355909811493834
16.948569220525574
17.251574641927082
18.03090144478479
13.254526544744317
11.393180217211196
11.214129643110793
9.96632372159092
9.067983364405775
8.46346591796875
8.137124977805398
1.411945587713069
6.888356241122159
5.213743647904832
6.152277723524306
8.62223866299716
9.183751179273203
9.53178215553978
10.083498313210228
10.272381542968764
10.814791894531254
11.5569355024858
12.038821990411936
11.751374946732964
15.8518312056108
15.660234934303991
16.631177734374987
17.02381413352272
12.018631463068173
8.66589221413352
7.14642812204072
5.870015181107953
1.198054724491004
0.0
0.0
0.0
0.0
0.9640532537286937
0.0
0.0
3.9923432861328125
6.628069744318181
7.4978430590080505
8.013464635120737
8.595712713068183
9.221192009943186
9.5270044921875
9.93894345703125
13.290633993252845
12.479579332386363
13.171570414595173
13.540027468039755
9.331239516749525
7.260021337890627
6.007879811789772
0.6808231319543091
0.0
0.0
0.0
0.0
0.0
0.0
0.0
0.0
0.0
0.0
2.266690343128552
5.967541437322442
6.385794776870265
6.6950159024325275
6.97721737837358
7.191314557439634
10.427163503196024
9.820182164417611
10.296869495738632
9.833327219460227
9.778268359374996
8.81765145596591
9.018620458984374
9.019475618489581
8.550849256480827
8.656153742009941
7.546516774680398
8.033846231356533
8.69459001982718
4.748612664240056
5.5401065407492895
6.7854689098011365
6.826246019767993
7.03958213334517
7.182338454367898
7.202084912849194
7.410428133877838
7.760016640772963
7.847123015802557
8.054994850852273
11.176011208274154
10.619211727627839
10.721427414772743
12.4060663766572
11.059466930042593
9.670783886718748
10.274124822443186
8.427567959872158
8.564366634114585
8.251889319957387
7.865974258700285
7.97926051580256
8.822795944306348
5.493442746803978
5.962294802024147
7.377257541725853
7.890761976877411
8.603904323508521
8.545512961647729
8.896885324928977
8.81268409978693
9.268676615767044
9.313957031249997
9.534787618371208
12.49307352775804
12.160880903764207
12.16682844164298
12.0492737837358
11.721416210937493
10.743249698153404
9.623215527343753
9.388206489701691
8.476616210937491
8.476616210937491
8.476616210937491
8.476616210937491
8.476616210937491
8.476616210937491
8.476616210937491
8.476616210937491
8.476616210937491
8.476616210937491
8.476616210937491
8.476616210937491
8.476616210937491
8.476616210937491
8.476616210937491
8.476616210937491
8.476616210937491
8.476616210937491
8.476616210937491
8.476616210937491
8.476616210937491
8.476616210937491
8.476616210937491
9.283025648082385
10.67159462002841
9.09067596620502
8.987089140920931
2.8994516002308237
5.698146941583803
6.588908634440103
9.216719733960701
9.621116139914768
10.346515904568228
10.942754705255682
10.65191457741478
11.590745951704553
11.40066258877841
12.541731201171888
12.2779045365767
12.694904428562973
16.07464671223959
15.521188316761345
15.605511366595634
16.03170443004262
13.022966725852267
9.58270067471591
8.247860478811553
7.444145161576707
4.892702521306817
2.0045496715198863
4.885844062943891
2.7860897172407673
6.387730268998581
3.8776674804687516
3.2046073109019884
5.266520448626891
7.204843899216018
7.694960484730112
8.016352895655775
7.453969264914773
7.9089441006747165
8.245343048650568
8.432124527994791
8.424516406250001
11.428425346235786
11.034184019886371
11.7157410600142
11.425134179687483
9.712929406368385
7.66058304628314
6.668702408114347
6.175557199928977
6.412283082534329
6.361005915601325
3.135925577059661
2.839737635387073
6.071636594460227
3.7561882679332395
0.0
0.0
1.318013951526989
0.0
2.4822409312855114
3.0917072154652008
5.390083756510415
6.5034982022372185
7.668387687174478
7.528861665482953
10.266412903941761
9.506825270774156
9.746913751775564
10.73742927911931
9.508624076704544
9.494389022549717
7.991327721058238
8.359345126065339
8.49113479077888
7.8097383641098475
7.53667334872159
7.700038671875
8.057212260298295
5.786511088423295
5.485867762340198
7.075127294921876
7.010887032206076
7.336295237038353
7.395106090198866
7.625889026988634
7.961416073330965
8.269236644767991
8.383044287109378
8.597500651041663
11.577426811079532
11.212489204545463
11.390498251065365
11.152823330965917
10.10765773259944
9.036630308948865
7.935895645419032
6.859863208747634
6.603001216264204
7.626009255149149
8.43392672674006
8.943061146129253
9.416702894176138
5.852120006214488
6.369612859552557
7.834367804509942
7.753485400902807
7.401665127840909
7.500040340909091
7.518363547585224
7.848926575816759
8.618090070134944
8.7855388523911
9.173182830255682
12.742370282907205
12.013303056936547
11.998165289463138
11.91662623401989
10.74398684467041
9.875860067471585
9.60202246981534
8.576076895419034
8.490912255859373
8.350539484197444
7.593254287997161
6.472207617187501
7.345585085227276
4.625090145596591
4.8053779208096605
5.604281185635655
7.651592840021308
7.448400390625002
7.816130384410513
7.921062920217803
8.297910875355116
9.249110697798287
10.05265134943182
10.537028808593735
13.519768101917629
11.956813128847063
11.507483706202645
10.528124911221598
7.24817900390625
6.091953382457384
2.7792884632457375
6.445724316406248
7.3113014352509476
7.629542838541666
7.3148653275923285
7.352051371626422
6.788540198863635
4.143317999822442
0.0
0.0
0.0
0.0
0.0
0.0
0.0
0.0
0.0
0.0
0.0
0.0
0.0
6.288570891779119
8.744809775982482
9.270672771661934
8.746641987748582
8.609466428444602
7.899861456853693
7.8202265403053985
7.32063553355824
7.540186849306485
4.886548295454546
0.0
0.0
1.84153387118253
4.39878575550426
6.480135000887787
7.1171713748816305
7.2949351340553985
7.199029916104407
8.055378573330966
7.83713436686198
8.02106201615767
11.139067174183237
10.678746218039784
11.444771857244318
11.082324893465914
11.471780237926128
10.307989941406253
8.95371213304924
9.574929558771304
9.801844617069133
8.40817520862926
8.595682444069602
8.52452001065341
8.553147265624997
4.9002794788707345
5.2016411532315345
7.67210919300426
8.420166135475855
7.679402272727272
7.789064373224432
8.903859058357007
8.131452507990053
7.100563352272729
6.685675727982954
3.6346883101029834
10.234653586647736
10.247249840198874
10.9077362215909
10.212866666666665
9.718600532670463
10.206893270596604
7.506051167436076
6.430916969992898
7.250515012428977
8.908712513316756
6.79833572813092
5.199518177379262
2.3119930597478713
4.297766144353695
1.9382798251065345
8.677841716974433
8.51044844637784
8.35707922585227
8.37072831587358
9.344667160866479
8.717170951704546
8.858721155894886
9.483988041548303
9.756860857599433
12.551779172585219
12.94117487571022
12.737570294744335
12.87164414062501
9.736955087002851
10.872670880681815
8.045523659446024
9.549744540127836
10.222241845703127
9.750949600497158
8.554775878906247
9.127133886718756
6.698284105705493
4.059134139737217
5.635798825905539
6.942251384203362
7.299209855143227
7.658010154030538
7.813851367187499
8.09509710582386
9.327519284150096
9.122201926491478
9.21737030362216
9.287849172881154
12.200238931936564
11.906848899147707
11.748007155539772
11.696740056818193
12.251622878196029
11.771746564275572
10.996260879794027
9.991691228693178
7.958377050781252
7.236916588245739
8.739645543323864
7.6636191273082375
4.29522996493253
5.466841117720171
4.9323318403764205
7.5006310546875
7.836944861209753
8.53805918856534
9.09837325846354
9.093745010653409
9.684871821732948
10.171168528053983
10.907263707386365
11.122308957741474
13.866589905894893
13.620202361505692
13.519584454900583
12.913960934540734
10.340294238281249
8.293545050603695
6.435618958629262
6.407249693714488
2.628908669211647
1.8767235218394893
0.0
0.1981779141512786
4.032789930308949
2.4912397927024146
0.0
0.0
0.0
0.0
0.0
0.22365638316761363
5.995907148881392
5.584516228693181
5.432592269620029
6.482475466086646
9.378498055752836
9.388967524857952
9.459775772372156
10.142264710582383
10.128788217625473
9.930651828835227
10.280637695312505
8.399448521839492
8.591361061789772
6.555651234019887
6.547005411044032
5.6917247181285475
2.353155285274621
0.21915241699218707
3.163312249200995
2.34443418856534
7.3713554066051135
7.728364870383519
8.162734559215197
8.610551606889205
9.146189355468751
9.820030690696017
9.914095791903414
10.349765980113643
10.038490571732945
11.124311416903426
10.54372521306818
13.247129820667618
9.986965980113636
8.296588001598012
6.738194984019888
6.519123228870741
6.317671835049716
5.601869433593753
1.857115622780539
3.556582719282672
0.50477890846946
0.0
0.5848843528053981
0.0
5.113488083718039
6.651261882990057
7.151874085582387
7.314998708274147
6.840119766512784
7.822794544566764
8.843571040482955
8.924503249289776
12.096630823863642
10.764149014559678
10.823259925426145
10.293056418678974
10.130516708096593
9.85845314275568
9.28551239346591
8.858238449928978
8.527676558061078
7.833328950639205
7.226378755326706
6.5087913818359375
7.539195214103932
3.8936333096590916
0.0
4.669413223544034
7.629997607421874
8.103428870738632
8.678203293678976
9.3021314379143
9.780306951349434
10.118961115056814
10.553837597656235
10.831693297230101
13.582862646484374
13.336385262784084
13.518367433120243
16.20970670276989
10.385899396306817
9.240877185428504
6.0372726207386345
4.608995367986507
2.170837382368609
0.0
0.0
0.0
0.0
0.0
0.0
0.0
0.0
1.2928024169921881
6.173643805486505
6.62581015625
7.36424269797585
7.953844349254259
7.912306352095171
8.611357310901987
11.767923739346593
11.829550284090908
12.09090744850851
11.477765926846592
10.236636949573866
8.212913853130921
8.268281648023201
7.739307009055398
7.806683225319603
7.075315032404123
4.995890076793324
1.1839451482599437
0.22082044566761339
0.0
0.0
0.0
1.5854701948686083
6.353452681107956
6.920321004971594
7.344346102627841
7.68936066228693
8.056591357421873
8.41250145596591
8.716213618607954
11.065059295099418
10.877548037997164
10.61416772904831
11.259407430752821
7.438804472952179
3.0290447531960236
0.0
0.0
0.0
0.0
0.0
0.0
0.0
0.0
0.0
0.0
0.0
0.0
0.0
0.0
0.0
0.0
0.35413530273437455
4.098768170720877
7.935194819779827
7.5980720481179
7.80142909120502
8.657102880859377
5.76151104921283
0.0
0.0
0.0
0.0
0.0
0.0
0.0
0.0
0.0
0.0
0.0
0.0
0.0
0.0
0.0
0.0
0.0
0.0
0.0
2.801920241477273
0.221447265625
0.0
0.0
0.0
0.0
0.0
0.0
0.0
0.0
0.0
0.0
0.0
0.0
0.0
0.0
0.0
0.0
4.724496842817829
3.1501547067353233
3.078364263731059
4.611544515713778
6.103513782848013
6.606453693181814
6.644574054509942
7.262961585582386
7.311494042968749
8.773635999644878
6.725589453124997
4.889872705078124
1.3768400945490045
0.0
0.0
0.0
0.0
0.0
0.0
0.0
0.0
0.0
0.0
0.0
0.0
0.0
0.0
0.0
0.0
0.0
3.5762193314985793
6.145626265092329
6.205695370205965
7.625448564749052
8.174457337535513
6.412883500532669
6.124082626065341
4.049294393643466
1.4883260479551377
0.0
0.0
0.0
0.0
0.0
0.0
0.0
0.0
0.0
0.0
0.0
2.857072634055398
6.07718975053267
6.265180277876421
6.172855930397728
8.725298655007109
8.771723024680398
8.495992480468747
10.535712331321035
5.669935914565577
0.0
0.0
0.0
0.0
0.0
0.0
0.0
0.0
0.0
0.0
0.0
0.0
0.0
0.0
0.0
0.0
0.0
0.0
0.0
3.2029807661576686
5.580654563210228
5.561393822502369
5.424872819750241
0.0
0.0
0.0
0.0
0.0
0.0
0.0
0.0
0.0
0.0
0.0
0.0
0.0
0.0
0.0
0.0
0.0
0.0
0.0
0.0
2.7644152839429457
4.867562260298296
4.924010808771306
5.75973360262784
0.6409602361505682
0.0
0.0
0.0
0.0
0.0
0.0
0.0
0.0
0.0
0.0
0.0
0.0
0.0
0.0
0.0
0.0
0.0
0.0
0.0
2.93695214325876
1.6066475763494317
3.532167598100141
5.794216330788353
3.1599477317116493
0.6714978959517051
0.0
0.0
0.0
0.0
0.0
0.0
0.0
0.0
0.0
0.0
0.0
0.0
0.0
0.0
0.0
0.0
1.7368449551669036
5.522273868075283
8.345697776100852
8.124359845525568
8.637476953125002
7.393454008345168
5.452687531072444
4.38689356800426
0.0
0.0
0.0
0.0
0.0
0.0
0.0
0.0
0.0
0.0
0.0
0.0
0.0
0.0
1.175090545099432
3.18365890003551
5.889367418323865
6.332889470880679
6.911339359907672
7.426017009203362
8.234407368607958
8.879793452592326
6.86905305767637
5.657093998579547
0.0
0.0
0.0
0.0
0.0
0.0
0.0
0.0
0.0
0.0
0.0
0.0
0.0
0.0
0.35277926802201726
0.0
3.0582307979699332
5.841695507812504
8.671130859375005
8.825979345703125
9.521107938269417
8.521267050633297
7.387800417998335
0.0
0.0
0.0
0.0
0.0
0.0
0.0
0.0
0.0
0.0
0.0
0.0
0.0
0.0
0.0
0.0
0.0
0.0
0.0
3.8864890491832385
7.066072616299715
7.031950266335226
9.308910076349436
5.51026923828125
0.0
0.0
0.0
0.0
0.0
0.0
0.0
0.0
0.0
0.0
0.0
0.0
0.0
0.0
0.0
0.0
0.0
0.0
0.0
3.741222385475847
6.20806328642874
6.094312668678978
9.23538686967331
7.296094491299717
6.004029541015625
3.174946133700282
0.0
0.0
0.0
0.0
0.0
0.0
0.0
0.0
0.0
0.0
0.0
0.0
0.0
0.0
0.0
0.0
1.5175252112186326
6.239645953924012
7.1330271306818185
7.24119278231534
10.918938793205482
4.096938729580965
0.0
0.0
0.0
0.0
0.0
0.0
0.0
0.0
0.0
0.0
0.0
0.0
0.0
0.0
0.0
0.0
0.0
0.0
0.0
3.8721362282492895
6.566450110973012
6.794059531102036
7.8375047688802075
1.849836137251421
0.0
0.0
0.0
0.0
0.0
0.0
0.0
0.0
0.0
0.0
0.0
0.0
0.0
0.0
0.0
0.0
0.0
0.0
0.0
1.620749990752249
0.0
0.0
0.0
0.0
0.0
0.0
0.0
0.0
0.0
0.0
0.0
0.0
0.0
0.0
0.0
0.0
0.0
0.0
0.0
0.0
0.0
0.0
0.0
0.0
0.0
0.0
2.305456165660513
0.0
0.0
0.0
0.0
0.0
0.0
0.0
0.0
0.0
0.0
0.0
0.0
0.0
0.0
0.0
0.0
0.0
0.0
0.0
0.0
2.709756878107245
4.4244599890506615
5.0724013420336185
5.1733945763790254
5.312853209339488
4.907192209694602
3.547885597182763
2.9596684992009945
2.0811992849638954
1.0595756014737219
0.0
0.0
0.0
0.0
0.0
0.0
0.0
0.0
0.0
0.0
0.0
4.0496714762369805
5.907579139293325
5.881988915275804
8.516713655598952
7.962173690518464
8.175905545691286
9.565324400745746
5.536353965435606
1.884185546875
0.0
0.0
0.0
0.7409666734769055
1.08213896484375
0.0
0.0
0.0
0.0
0.0
0.0
0.0
0.0
0.48174749866832367
5.434021746271307
4.7379185591264195
6.178322852302319
6.653375421697444
9.008414493075277
8.812391872336653
8.115247658469455
6.656678783595621
5.456664527209053
2.481754177024149
0.0
0.0
0.0
0.0
0.0
0.0
0.0
0.0
0.0
0.0
0.0
0.0
0.0
0.0
0.0
0.0
0.0
0.0
3.5741054583925194
6.314569069602274
5.903575478663589
6.743026509079889
0.9508290682705972
0.0
0.0
0.0
0.0
0.5135395086115054
0.7972038441051137
0.4425300226384934
1.73164492483428
0.0
0.0
0.0
0.0
0.0
0.0
0.0
4.899712186316287
5.613211648467094
6.228059090169273
6.552958304480352
6.544471385978931
6.537143261718751
6.088626187411221
1.8796693603515637
0.0
0.0
0.0
0.0
0.0
0.0
0.0
0.0
0.0
0.0
0.0
0.0
0.0
0.0
0.0
0.0
0.0
0.0
0.0
0.0
0.0
0.0
0.0
0.0
0.0
0.0
0.0
0.0
0.0
0.0
0.0
0.0
0.0
0.0
0.0
0.0
0.0
0.0
0.0
0.0
0.0
0.0
0.0
0.0
0.0
0.0
0.0
0.0
0.0
0.0
0.0
0.0
0.0
0.0
0.0
0.0
0.0
0.0
0.0
0.0
0.0
0.0
0.0
0.0
0.0
0.0
0.0
0.0
0.0
0.0
0.0
0.0
0.0
0.0
0.0
0.0
0.0
0.0
0.0
0.0
0.0
0.0
0.0
0.0
0.0
0.0
0.0
0.0
0.0
0.0
0.0
0.0
1.5326461492365056
0.0
0.0
0.0
0.0
0.0
0.0
0.0
0.0
0.0
0.0
2.681235378196023
0.0
0.0
0.0
0.0
0.0
0.0
0.0
0.0
0.0
0.0
0.0
0.0
3.2015782337535525
5.198172604462593
3.3788511452414784
0.25719658647016996
0.0
0.0
0.0
0.0
0.0
0.0
0.0
0.9747014271129263
0.0
0.0
0.0
0.0
0.0
0.0
0.0
0.0
0.0
0.0
0.0
0.0
2.625858081054689
1.7920827743992656
1.3787330755060376
0.2923923561789773
0.0
0.0
0.0
0.0
0.0
0.0
0.0
0.0
0.0
0.0
0.0
0.0
0.0
0.0
0.0
0.0
0.0
0.0
0.0
0.0
2.7171361076586167
1.021681174538353
0.0
0.0
0.0
0.0
0.0
0.0
0.0
0.0
0.0
0.0
0.0
0.0
0.0
0.0
0.0
0.0
0.0
0.0
0.0
0.0
0.0
0.0
1.4165122780539774
0.0
0.0
0.0
0.0
0.0
0.0
0.0
0.0
0.0
0.0
0.0
2.3647781782670454
0.0
0.0
0.0
0.0
0.0
0.0
0.0
0.0
0.0
0.0
0.0
0.0
0.0
0.0
1.891916898970169
0.0
0.0
0.0
0.0
0.0
0.0
0.0
0.0
0.0
0.0
0.0
0.0
0.0
0.0
0.0
0.0
0.0
0.0
0.0
0.0
1.6368889226740064
0.0
0.0
0.0
0.0
0.0
0.0
0.0
0.0
0.0
0.0
0.0
0.0
0.0
0.0
0.0
0.0
0.0
0.0
0.0
0.0
0.0
0.0
0.0
0.0
0.0
0.0
0.0
0.0
0.0
0.0
0.0
0.0
0.0
0.0
0.0
0.0
0.0
0.0
0.0
0.0
0.0
0.0
0.0
0.0
0.0
0.0
0.0
2.6256146218039778
4.465814635120739
1.7819644982540246
0.7744326238458809
0.0
0.0
0.0
0.0
0.0
0.0
0.0
0.0
0.0
0.0
0.0
0.0
0.0
0.0
0.0
0.0
0.0
0.0
0.0
0.0
3.040877265329072
5.0903647964015155
4.918794020774147
0.7653832097833809
0.0
0.0
0.0
0.0
0.0
0.0
0.0
0.0
0.0
0.0
0.0
0.0
0.0
0.0
0.0
0.0
0.0
0.0
0.0
0.0
2.158893067885892
0.15121965997869272
0.0
1.093194910777699
0.8282152787642046
0.0
0.0
0.0
0.0
0.0
0.0
0.0
0.0
0.0
0.0
0.0
0.0
0.0
0.0
0.0
0.0
0.0
0.0
0.0
3.67644072265625
5.678428477894179
5.760803832267992
2.6583695445667606
0.4516913019353691
0.0
0.0
0.0
0.0
0.0
0.0
0.0
0.0
0.0
0.0
0.0
0.0
0.0
0.0
0.0
0.0
0.0
2.7001670062440812
0.3100862215909091
0.5986759343927553
0.0
0.0
3.1091451815518467
0.33825639204545455
0.0
0.0
0.0
0.0
0.0
0.0
0.0
0.0
0.0
0.0
0.0
0.0
0.0
0.0
0.0
0.0
0.0
0.0
0.0
4.102156662819602
6.129835134055399
5.741493146306821
2.7317424249822446
0.0
0.0
0.0
0.0
0.0
0.0
0.0
0.0
0.0
0.0
0.0
0.0
0.0
0.0
0.0
0.0
0.0
0.0
0.0
0.0
2.7667627626361257
3.6033458207563913
1.4311252219460235
1.3784034016927083
4.1308892800071
0.0
0.0
0.0
0.0
0.0
0.0
1.7915946200284092
0.0
0.0
0.0
0.0
0.0
0.0
0.0
0.0
0.0
0.0
0.0
0.0
5.456014722049593
7.010366011186078
6.496750762543123
5.82132029451861
3.136766577465504
0.0
0.0
0.0
0.0
0.5451031938032674
2.165782872425427
0.0
0.0
0.0
0.0
0.602749497662169
0.0
0.0
0.0
0.0
0.0
4.455199513938211
4.35231290838068
5.666314857066761
8.376890926846597
7.977530615234373
7.2020187500000015
6.361340296519884
4.8750554709694605
0.0
0.0
0.0
0.0
0.0
0.0
0.0
0.0
0.0
0.0
0.0
0.0
0.0
0.0
0.0
0.0
0.0
0.0
0.0
3.3650609730113628
5.158038711085464
0.0
0.0
0.0
0.0
0.0
0.0
0.0
0.0
0.0
0.0
0.0
0.0
0.0
0.0
0.0
0.0
0.0
0.0
0.0
0.0
0.0
0.0
2.624412524414062
0.33776650390625
0.0
0.0
0.0
0.0
0.0
0.0
0.0
0.0
0.0
0.0
0.0
0.0
0.0
0.0
0.0
0.0
0.0
0.0
0.0
0.0
0.0
0.0
0.0
0.0
0.0
2.062117242986506
0.0
0.0
0.0
0.0
0.0
0.0
0.0
0.0
0.0
0.0
0.0
0.0
0.0
0.0
0.0
0.0
0.0
0.0
0.0
0.0
1.798080868992662
0.0
0.0
0.0
0.0
0.0
0.0
0.0
0.0
0.0
0.0
0.0
0.0
0.0
0.0
0.0
0.0
0.0
0.0
0.0
0.0
0.0
0.0
0.0
2.8121344904119323
3.1154680064808233
0.3227634565873578
0.0
0.0
0.0
0.0
0.0
0.0
0.0
0.0
0.0
0.0
0.0
0.0
0.0
0.0
0.0
0.0
0.0
0.0
0.0
0.0
0.0
2.7659767104640154
1.275079496626421
0.0
1.9483672718394887
0.0
0.0
0.0
0.0
0.0
0.0
0.0
0.0
0.0
0.0
0.0
0.0
0.0
0.0
0.0
0.0
0.0
0.0
0.0
0.0
0.2178820245916195
0.0
0.0
0.0
0.0
0.0
0.0
0.0
0.0
0.0
0.0
0.0
0.0
0.0
0.0
0.0
0.0
0.0
0.0
0.0
0.0
0.0
0.0
0.0
2.0187523837002854
0.0
0.0
0.0
0.0
0.0
0.0
0.0
0.0
0.0
0.0
0.0
0.0
0.0
0.0
0.0
0.0
0.0
0.0
0.0
0.0
0.0
0.0
0.0
2.291055122514205
0.4947141601562501
0.0
0.0
0.0
0.0
0.0
0.0
0.0
0.0
0.0
0.0
0.0
0.0
0.0
0.0
0.0
0.0
0.0
0.0
0.0
0.0
0.0
0.0
0.0
0.0
0.0
0.5568832197709527
0.0
0.0
0.0
0.0
0.0
0.0
0.0
0.0
0.0
0.0
0.0
0.0
0.0
0.0
0.0
0.0
0.0
0.0
0.0
0.0
2.3998961514559656
0.0
0.0
0.0
0.0
0.0
0.0
0.0
0.0
0.0
0.0
0.0
0.0
0.0
0.0
0.0
0.0
0.0
0.0
0.0
0.0
0.0
0.0
0.0
1.3211115352746219
0.0
0.0
0.0
0.0
0.0
0.0
0.0
0.0
0.0
0.0
0.0
0.0
0.0
0.0
0.0
0.0
0.0
0.0
0.0
0.0
0.0
0.0
0.0
0.0
0.0
0.0
0.0
0.0
0.0
0.0
0.0
0.0
0.0
0.0
0.0
0.0
0.0
0.0
0.0
0.0
0.0
0.0
0.0
0.0
0.0
0.0
0.0
1.3840179132634949
0.0
0.0
0.0
0.0
0.0
0.0
0.0
0.0
0.0
0.0
0.0
0.0
0.0
0.0
0.0
0.0
0.0
0.0
0.0
0.0
0.0
0.0
0.0
0.0
0.0
0.0
0.0
0.0
0.0
0.0
0.0
0.0
0.0
0.0
0.0
0.0
0.0
0.0
0.0
0.0
0.0
0.0
0.0
0.0
0.0
0.0
0.0
0.0
0.0
0.0
0.0
0.0
0.0
0.0
0.0
0.0
0.0
0.0
0.0
0.0
0.0
0.0
0.0
0.0
0.0
0.0
0.0
0.0
0.0
0.0
0.0
0.0
0.0
0.0
0.0
0.0
0.0
0.0
0.0
0.0
0.0
0.0
0.0
0.0
0.0
0.0
0.0
0.0
0.0
0.0
0.0
0.0
0.0
0.0
0.0
0.0
0.0
0.0
0.0
0.0
0.0
0.0
0.0
0.0
0.0
0.0
0.0
0.0
0.0
0.0
0.0
0.0
0.0
0.0
0.0
0.0
0.0
0.0
0.0
0.2053433371803977
0.0
0.0
0.0
0.0
0.0
0.0
0.0
0.0
0.0
0.0
0.0
0.0
0.0
0.0
0.0
0.0
0.0
0.0
0.0
0.0
0.0
0.0
0.0
0.0
0.0
0.0
0.0
0.0
0.0
0.0
0.0
0.0
0.0
0.0
0.0
0.0
0.0
0.0
0.0
0.0
0.0
0.0
0.0
0.0
0.0
0.0
0.0
0.0
0.0
0.0
0.0
0.0
0.0
0.0
0.0
0.0
0.0
0.0
0.0
0.0
0.0
0.0
0.0
0.0
0.0
0.0
0.0
0.0
0.0
0.0
0.0
0.0
0.0
0.0
0.0
0.0
0.0
0.0
0.0
0.0
0.0
0.0
0.0
0.0
0.0
0.0
0.0
0.0
0.0
0.0
0.0
0.0
0.0
0.0
0.0
0.0
0.0
0.0
0.0
0.0
0.0
0.0
0.0
0.0
0.0
0.0
0.0
0.0
0.0
0.0
0.0
0.0
0.0
0.0
0.0
0.0
0.0
0.0
0.0
0.0
0.0
0.0
0.0
0.0
0.0
0.0
0.0
0.0
0.0
0.0
0.0
0.0
0.0
0.0
0.0
0.0
0.0
0.0
0.0
0.0
0.0
0.0
0.0
0.0
0.0
0.0
0.0
0.0
0.0
0.0
0.0
0.0
0.0
0.0
0.0
0.0
0.0
0.0
0.0
0.0
0.0
0.0
0.0
0.0
0.0
0.0
0.0
0.0
0.0
0.0
0.0
0.0
0.0
0.0
0.0
0.0
0.0
0.0
0.0
0.0
0.0
0.0
0.0
0.0
0.0
0.0
0.0
0.0
0.0
0.0
0.0
1.9962553488991466
0.3239300840435609
0.0
0.0
0.0
0.0
0.0
0.0
0.0
0.0
0.0
0.0
0.0
0.0
0.0
0.0
0.0
0.0
0.0
0.0
0.0
0.0
0.0
0.0
0.0
0.0
0.0
0.0
0.0
0.0
0.0
0.0
0.0
0.0
0.0
0.0
0.0
0.0
0.0
0.0
0.0
0.0
0.0
0.0
0.0
0.0
0.0
0.0
0.0
0.0
0.0
0.0
0.0
0.0
0.0
0.0
0.0
0.0
0.0
0.0
0.0
0.0
0.0
0.0
0.0
0.0
0.0
0.0
0.0
0.0
0.0
0.0
0.1942914328835223
0.0
0.0
0.0
0.0
0.0
0.0
0.0
0.0
0.0
0.0
0.0
0.0
0.0
0.0
0.0
0.0
0.0
0.0
0.0
0.0
0.0
0.0
0.0
0.0
0.0
0.0
0.0
0.0
0.0
0.0
0.0
0.0
0.0
0.0
0.0
0.0
0.0
0.0
0.0
0.0
0.0
0.0
0.0
0.0
0.0
0.0
0.0
0.0
0.0
0.0
0.0
0.0
0.0
0.0
0.0
0.0
0.0
0.0
0.0
0.0
0.0
0.0
0.0
0.0
0.0
0.0
0.0
0.0
0.0
0.0
0.0
2.058969259736031
0.0
0.0
0.0
0.0
0.0
0.0
0.0
0.0
0.0
0.0
0.0
0.0
0.0
0.0
0.0
0.0
0.0
0.0
0.0
0.0
0.0
0.0
0.0
0.9327648726029831
0.0
0.0
0.0
0.0
0.0
0.0
0.0
0.0
0.0
0.0
0.0
0.0
0.0
0.0
0.0
0.0
0.0
0.0
0.0
0.0
0.0
0.0
0.0
0.0
0.0
0.0
0.0
0.0
0.0
0.0
0.0
0.0
0.0
0.0
0.0
0.0
0.0
0.0
0.0
0.0
0.0
0.0
0.0
0.0
0.0
0.0
0.0
0.0
0.0
0.0
0.0
0.0
0.0
0.0
0.0
0.0
0.0
0.0
0.0
0.0
0.0
0.0
0.0
0.0
0.0
0.0
0.0
0.0
0.0
0.0
0.0
0.0
0.0
0.0
0.0
0.0
0.0
0.0
0.0
0.0
0.0
0.0
0.0
0.0
0.0
0.0
0.0
0.0
0.0
0.0
0.0
0.0
0.0
0.0
0.0
0.0
0.0
0.0
0.0
0.0
0.0
0.0
0.0
0.0
0.0
0.0
0.0
0.0
0.0
0.0
0.0
0.0
0.0
0.0
0.0
0.0
0.0
0.0
0.0
0.0
0.0
0.0
0.0
0.0
0.0
0.0
0.0
0.0
0.0
0.0
0.0
0.0
0.0
0.0
0.0
0.0
0.0
0.0
0.0
0.0
0.0
3.0303030303030273e-07
0.0
0.0
0.0
0.0
0.0
0.0
0.0
0.0
0.0
0.0
0.0
0.0
0.0
0.0
0.0
0.0
0.0
0.0
0.0
0.0
0.0
0.0
0.0
0.0
0.0
0.0
0.0
0.0
0.0
0.0
0.0
0.0
0.0
0.0
0.0
0.0
0.0
0.0
0.0
0.0
0.0
0.0
0.0
0.0
0.0
0.0
0.0
0.0
0.0
0.0
0.0
0.0
0.0
0.0
0.0
0.0
0.0
0.0
0.0
0.0
0.0
0.0
0.0
0.0
0.0
0.0
0.0
0.0
0.0
0.0
0.0
0.0
0.0
0.0
0.0
0.0
0.0
0.0
0.0
0.0
0.0
0.0
0.0
0.0
0.0
0.0
0.0
0.0
0.0
0.0
0.0
0.0
0.0
0.0
0.0
0.0
0.0
0.0
0.0
0.0
0.0
0.0
0.0
0.0
0.0
0.0
0.0
0.0
0.0
0.0
0.0
0.0
0.0
0.0
0.0
0.0
0.0
0.0
0.0
0.0
0.0
0.0
0.0
0.0
0.0
0.0
0.0
0.0
0.0
0.0
0.0
0.0
0.0
0.0
0.0
0.0
0.0
0.0
0.0
0.0
0.0
0.0
0.0
0.0
0.0
0.0
0.0
0.0
0.0
0.0
0.0
0.0
0.0
0.0
0.0
0.0
0.0
0.0
0.0
0.0
0.0
0.0
0.0
0.0
0.0
0.0
0.0
0.0
0.0
0.0
0.0
0.0
0.0
0.0
0.0
0.0
0.0
0.0
0.0
0.0
0.0
0.0
0.0
0.0
0.0
0.0
0.0
0.0
0.0
0.0
0.0
0.0
0.0
0.0
0.0
0.0
0.0
0.0
0.0
0.0
0.0
0.0
0.0
0.0
0.0
0.0
0.0
0.0
0.0
0.0
0.0
0.0
0.0
0.0
0.0
0.0
0.0
0.0
0.0
0.0
0.0
0.0
0.0
0.0
0.0
0.0
0.0
0.0
0.0
0.0
0.0
0.0
0.0
0.0
0.0
0.0
0.0
0.0
0.0
0.0
0.0
2.414517031397964
4.501636936257102
1.6146325861150574
0.0
0.0
0.0
0.0
0.0
0.0
0.0
0.0
0.0
0.0
0.0
0.0
0.0
0.0
0.0
0.0
0.0
0.0
0.0
0.0
0.0
0.0
0.0
0.0
0.0
0.0
0.0
0.0
0.0
0.0
0.0
0.0
0.0
0.0
0.0
0.0
0.0
0.0
0.0
0.0
0.0
0.0
0.0
0.0
0.0
0.0
0.0
0.0
0.0
0.0
0.0
0.0
0.0
0.0
0.0
0.0
0.0
0.0
0.0
0.0
0.0
0.0
0.0
0.0
0.0
0.0
0.0
0.0
0.0
0.0
0.0
0.0
0.0
0.0
0.0
0.0
0.0
0.0
0.0
0.0
0.0
0.0
0.0
0.0
0.0
0.0
0.0
0.0
0.0
0.0
0.0
0.0
0.0
0.0
0.0
0.0
0.0
0.0
0.0
0.0
0.0
0.0
0.0
0.0
0.0
0.0
0.0
0.0
0.0
0.0
0.0
0.0
0.0
0.0
0.0
0.0
0.0
0.0
0.0
0.0
0.0
0.0
0.0
0.0
0.0
0.0
0.0
0.0
0.0
0.0
0.0
0.0
0.0
0.0
0.0
0.0
0.0
0.0
0.0
0.0
0.0
0.0
0.0
0.0
0.0
0.0
0.0
0.0
0.0
0.0
0.0
0.0
0.0
0.0
0.0
0.0
0.0
0.0
0.0
0.0
0.0
0.0
0.0
0.0
0.0
0.0
0.0
0.0
0.0
0.0
0.0
0.0
0.0
0.0
0.0
0.0
0.0
0.0
0.0
0.0
0.0
0.0
0.0
0.0
0.0
0.0
0.0
0.0
0.0
0.0
0.0
0.0
0.0
0.0
0.0
0.0
0.0
0.0
0.0
0.0
0.0
0.0
0.0
0.0
0.0
0.0
0.0
0.0
0.0
0.0
0.0
0.0
0.0
0.0
0.0
0.0
0.0
0.0
0.0
0.0
0.0
0.0
0.0
0.0
0.0
0.0
0.0
0.0
0.0
0.0
0.0
0.0
0.0
0.0
0.0
0.0
0.0
0.0
0.0
0.0
0.0
0.0
0.0
0.0
0.0
0.0
0.0
0.0
0.0
0.0
0.0
0.0
0.0
0.0
0.0
0.0
0.0
0.0
0.0
0.0
0.0
0.0
0.0
0.0
0.0
0.0
0.0
0.0
0.0
0.0
0.0
0.0
0.0
0.0
0.0
0.0
0.0
0.0
0.0
0.0
0.0
0.0
0.0
0.0
0.0
0.0
0.0
0.0
0.0
0.0
0.0
0.0
0.0
0.0
0.0
0.0
0.0
0.0
0.0
0.0
0.0
0.0
0.0
0.0
0.0
0.0
0.0
0.0
0.0
0.0
0.0
0.0
0.0
0.0
0.0
0.0
0.0
0.0
0.0
0.0
0.0
0.0
0.0
0.0
0.0
0.0
0.0
0.0
0.0
0.0
0.0
0.0
0.0
0.0
0.0
0.0
0.0
0.0
0.0
0.0
0.0
0.0
0.0
0.0
0.0
0.0
0.0
0.0
0.0
0.0
0.0
0.0
0.0
0.0
0.0
0.0
0.0
0.0
0.0
0.0
0.0
0.0
0.0
0.0
0.0
0.0
0.0
0.0
0.0
0.0
0.0
0.0
0.0
0.0
0.0
0.0
0.0
0.0
0.0
0.0
0.0
0.0
0.0
0.0
0.0
0.0
0.0
0.0
0.0
0.0
0.0
0.0
0.0
0.0
0.0
0.0
0.0
0.0
0.0
0.0
0.0
0.0
0.0
0.0
0.0
0.0
0.0
0.0
0.0
0.0
0.0
0.0
0.0
0.0
0.0
0.0
0.0
0.0
0.0
0.0
0.0
0.0
0.0
0.0
0.0
0.0
0.0
0.0
0.0
0.5613241787997164
0.0
0.0
0.0
0.0
0.0
0.0
0.0
0.0
0.0
0.0
0.0
0.0
0.0
0.0
0.0
0.0
0.0
0.0
0.0
0.0
0.0
0.0
0.0
0.0
0.0
0.0
0.0
0.0
0.0
0.0
0.0
0.0
0.0
0.0
0.0
0.0
0.0
0.0
0.0
0.0
0.0
0.0
0.0
0.0
0.0
0.0
0.0
1.6430179287997155
0.0
0.0
0.0
0.0
0.0
0.0
0.0
0.0
0.0
0.0
0.0
0.0
0.0
0.0
0.0
0.0
0.0
0.0
0.0
0.0
0.0
0.0
0.0
2.0722197820490043
0.0
0.0
0.0
0.0
0.0
0.0
0.0
0.0
0.0
0.0
0.0
0.0
0.0
0.0
0.0
0.0
0.0
0.0
0.0
0.0
0.0
0.0
0.0
0.5218767267400569
0.0
0.0
0.0
0.0
0.0
0.0
0.0
0.0
0.0
0.0
0.0
0.0
0.0
0.0
0.0
0.0
0.0
0.0
0.0
0.0
0.0
0.0
0.0
0.0
0.0
0.0
0.0
0.0
0.0
0.0
0.0
0.0
0.0
0.0
0.0
0.0
0.0
0.0
0.0
0.0
0.0
0.0
0.0
0.0
0.0
0.0
0.0
0.0
0.0
0.0
0.0
0.0
0.0
0.0
0.0
0.0
0.0
0.0
0.0
0.0
0.0
0.0
0.0
0.0
0.0
0.0
0.0
0.0
0.0
0.0
0.0
0.0
0.0
0.0
0.0
0.0
0.0
0.0
0.0
0.0
0.0
0.0
0.0
0.0
0.0
0.0
0.0
0.0
0.0
0.0
0.0
0.0
0.0
0.0
0.0
0.0
0.0
0.0
0.0
0.0
0.0
0.0
0.0
0.0
0.0
0.0
0.0
0.0
0.0
0.0
0.0
0.0
0.0
0.0
0.0
0.0
0.0
0.0
0.0
0.0
0.0
0.0
0.0
0.0
0.0
0.0
0.0
0.0
0.0
0.0
0.0
0.0
0.0
0.0
0.0
0.0
0.0
0.0
0.0
0.0
0.0
0.0
0.0
0.0
0.0
0.0
0.0
0.0
0.0
0.0
0.0
0.0
0.0
0.0
0.0
0.0
0.0
0.0
0.0
0.0
0.0
0.0
0.0
0.0
0.0
0.0
0.0
0.0
0.0
0.0
0.0
0.0
0.0
0.0
0.0
0.0
0.0
0.0
0.0
0.0
0.0
0.0
0.0
0.0
0.0
0.0
0.0
0.0
0.0
0.0
0.0
0.0
0.0
0.0
0.0
0.0
0.0
0.0
0.0
0.0
0.0
0.0
0.0
0.0
0.0
0.0
0.0
0.0
0.0
0.0
0.0
0.0
0.0
0.0
0.0
0.0
0.0
0.0
0.0
0.0
0.0
0.0
0.0
0.0
0.0
0.0
0.0
0.0
0.0
0.0
0.0
0.0
0.0
0.0
0.0
3.636363636363636e-07
0.0
0.0
0.0
0.0
0.0
0.0
0.0
0.0
0.0
0.0
0.0
0.0
0.0
0.0
0.0
0.0
0.0
0.0
0.0
0.0
0.0
0.0
0.0
0.0
0.0
0.0
0.0
0.0
0.0
0.0
0.0
0.0
0.0
0.0
0.0
0.0
0.0
0.0
0.0
0.0
0.0
0.0
0.0
0.0
0.0
0.0
0.0
0.0
0.0
0.0
0.0
0.0
0.0
0.0
0.0
0.0
0.0
0.0
0.0
0.0
0.0
0.0
0.0
0.0
0.0
0.0
0.0
0.0
0.0
0.0
0.0
0.0
0.0
0.0
0.0
0.0
0.0
0.0
0.0
0.0
0.0
0.0
0.0
0.0
0.0
0.0
0.0
0.0
0.0
0.0
0.0
0.0
0.0
0.0
0.0
0.0
0.0
0.0
0.0
0.0
0.0
0.0
0.0
0.0
0.0
0.0
0.0
0.0
0.0
0.0
0.0
0.0
0.0
0.0
0.0
0.0
0.0
0.0
0.0
0.0
0.0
0.0
0.0
0.0
0.0
0.0
0.0
0.0
0.0
0.0
0.0
0.0
0.0
0.0
0.0
0.0
0.0
0.0
0.0
0.0
0.0
0.0
0.0
0.0
0.0
0.0
0.0
0.0
0.0
0.0
0.0
0.0
0.0
0.0
0.0
0.0
0.0
0.0
0.0
0.0
0.0
0.0
0.0
0.0
0.0
0.0
0.0
0.0
0.0
0.0
0.0
2.077022396573153
0.0
0.0
0.0
0.0
0.0
0.0
0.0
0.0
0.0
0.0
0.0
0.0
0.0
0.0
0.0
0.0
0.0
0.0
0.0
0.0
0.0
0.0
0.0
2.0004036865234376
0.0
0.0
0.0
0.0
0.0
0.0
0.0
0.0
0.0
0.0
0.0
0.0
0.0
0.0
0.0
0.0
0.0
0.0
0.0
0.0
0.0
0.0
0.0
1.7733186922940356
0.0
0.0
0.0
0.0
0.0
0.0
0.0
0.0
0.0
0.0
0.0
0.0
0.0
0.0
0.0
0.0
0.0
0.0
0.0
0.0
0.0
0.0
0.0
0.0
0.0
0.0
0.0
0.0
0.0
0.0
0.0
0.0
0.0
0.0
0.0
0.0
0.0
0.0
0.0
0.0
0.0
0.0
0.0
0.0
0.0
0.0
0.0
0.0
0.0
0.0
0.0
0.0
0.0
0.0
0.0
0.0
0.0
0.0
0.0
0.0
0.0
0.0
0.0
0.0
0.0
0.0
0.0
0.0
0.0
0.0
0.0
0.0
0.0
0.0
0.0
0.0
0.0
0.0
0.0
0.0
0.0
0.0
0.0
0.0
0.0
0.0
0.0
0.0
0.0
0.0
0.0
0.0
0.0
0.0
0.0
0.0
0.0
0.0
0.0
0.0
0.0
0.0
0.0
0.0
0.0
0.0
0.0
0.0
0.0
0.0
0.0
0.0
0.0
0.0
0.0
0.0
0.0
0.0
0.0
0.0
0.0
0.0
0.0
0.0
0.0
0.0
0.0
0.0
0.0
0.0
0.0
0.0
0.0
0.0
0.0
0.0
0.0
0.0
0.0
0.0
0.0
0.0
0.0
0.0
0.0
0.0
0.0
0.0
0.0
0.0
0.0
0.0
0.0
0.0
0.0
0.0
0.0
0.0
0.0
0.0
0.0
0.0
0.0
0.0
0.0
0.0
0.0
0.0
0.0
0.0
0.0
0.0
0.0
0.0
0.0
0.0
0.0
0.0
0.0
0.0
0.0
0.0
0.0
0.0
0.0
0.0
0.0
0.0
0.0
0.0
0.0
0.0
0.0
0.0
0.0
0.0
0.0
0.0
0.0
0.0
0.0
0.0
0.0
0.0
0.0
0.0
0.0
0.0
0.0
0.0
0.0
0.0
0.0
0.0
0.0
0.0
0.0
0.0
0.0
0.0
0.0
0.0
0.0
0.0
0.0
0.0
0.0
0.0
0.0
0.0
0.0
0.0
0.0
0.0
0.0
0.0
0.0
0.0
0.0
0.0
0.0
0.0
0.0
0.0
0.0
0.0
0.0
0.0
0.0
0.0
0.0
0.0
0.0
0.0
0.0
0.0
0.0
0.0
0.0
0.0
0.0
0.0
0.0
0.0
0.0
0.0
0.0
0.0
0.0
0.0
0.0
0.0
0.0
0.0
0.0
0.0
0.0
0.0
0.0
0.0
0.0
0.0
0.0
0.0
0.0
0.0
0.0
0.0
0.0
0.0
0.0
0.0
0.0
0.0
0.0
0.0
0.0
0.0
0.0
0.0
0.0
0.0
0.0
0.0
0.0
0.0
0.0
0.0
0.0
0.0
0.0
0.0
0.0
0.0
0.0
0.0
0.0
0.0
0.0
0.0
0.0
0.0
0.0
0.0
0.0
0.0
0.0
0.0
0.0
0.0
0.0
0.0
0.0
0.0
0.0
0.5167468039772725
0.0
0.0
0.0
0.0
0.0
0.0
0.0
0.0
0.0
0.0
0.0
0.0
0.0
0.0
0.0
0.0
0.0
0.0
0.0
0.0
0.0
0.0
0.0
1.2251515092329546
0.0
0.0
0.0
0.0
0.0
0.0
0.0
0.0
0.0
0.0
0.0
0.0
0.0
0.0
0.0
0.0
0.0
0.0
0.0
0.0
0.0
0.0
0.0
0.9248559599905305
0.0
0.0
0.0
0.0
0.0
0.0
0.0
0.0
0.0
0.0
0.0
0.0
0.0
0.0
0.0
0.0
0.0
0.0
0.0
0.0
0.0
0.0
0.0
0.0
0.0
0.0
1.892161441317472
0.0
0.0
0.0
0.0
0.0
0.0
0.0
0.0
0.0
0.0
0.0
0.0
0.0
0.0
0.0
0.0
0.0
0.0
0.0
0.0
1.8809281205610808
0.0
0.0
0.0
0.0
0.0
0.0
0.0
0.0
0.0
0.0
0.0
0.0
0.0
0.0
0.0
0.0
0.0
0.0
0.0
0.0
0.0
0.0
0.0
1.817308247514204
0.0
0.0
0.0
0.0
0.0
0.0
0.0
0.0
0.0
0.0
0.0
0.0
0.0
0.0
0.0
0.0
0.0
0.0
0.0
0.0
0.0
0.0
0.0
2.4111846302379267
0.0
0.0
0.0
0.0
0.0
0.0
0.0
0.0
0.0
0.0
0.0
0.0
0.0
0.0
0.0
0.0
0.0
0.0
0.0
0.0
0.0
0.0
0.0
2.2544218994140626
0.0
0.0
2.062089046963779
0.0
0.0
0.0
0.0
0.0
0.0
0.0
0.0
0.0
0.0
0.0
0.0
0.0
0.0
0.0
0.0
0.0
0.0
0.0
0.0
2.3275512073863642
0.9311202547940328
0.0
3.7429714925130186
0.44319296431108
0.0
0.0
0.0
0.0
0.0
0.0
0.0
0.0
0.0
0.0
0.0
0.0
0.0
0.0
0.0
0.0
0.0
0.0
0.0
0.9876349742542615
0.0
0.0
0.0
0.0
0.0
0.0
0.0
0.0
0.0
0.0
0.0
0.0
0.0
0.0
0.0
0.0
0.0
0.0
0.0
0.0
0.0
0.0
0.0
0.0
0.0
0.0
0.5678345026189627
0.0
0.0
0.0
0.0
0.0
0.0
0.0
0.0
0.0
0.0
0.0
0.0
0.0
0.0
0.0
0.0
0.0
0.0
0.0
0.0
0.9910112704190336
0.0
0.0
0.0
0.0
0.0
0.0
0.0
0.0
0.0
0.0
0.0
0.0
0.0
0.0
0.0
0.0
0.0
0.0
0.0
0.0
0.0
0.0
0.0
2.0206946015329064
0.5353192353219695
0.0
1.6608404470732707
0.8864003565932763
0.0
0.0
0.0
0.0
0.0
0.0
0.0
0.0
0.0
0.0
0.0
0.0
0.0
0.0
0.0
0.0
0.0
0.0
0.0
2.501752628580729
0.0
0.0
0.0
0.0
0.0
0.0
0.0
0.0
0.0
0.0
0.0
0.0
0.0
0.0
0.0
0.0
0.0
0.0
0.0
0.0
0.0
0.0
0.0
0.5664365189985797
0.0
0.0
0.0
0.0
0.0
0.0
0.0
0.0
0.0
0.0
0.0
0.0
0.0
0.0
0.0
0.0
0.0
0.0
0.0
0.0
0.0
0.0
0.0
2.4712081720525574
0.4673676535866473
0.0
0.0
0.0
0.0
0.0
0.0
0.0
0.0
0.0
0.0
0.0
0.0
0.0
0.0
0.0
0.0
0.0
0.0
0.0
0.0
0.0
0.0
1.8558371578332156
0.0
0.0
0.0
0.0
0.0
0.0
0.0
0.0
0.0
0.0
0.0
0.0
0.0
0.0
0.0
0.0
0.0
0.0
0.0
0.0
0.0
0.0
0.0
0.0
0.0
0.0
2.2422944313742907
0.1368203125
0.0
0.0
0.0
0.0
0.0
0.0
0.0
0.0
0.0
0.0
0.0
0.0
0.0
0.0
0.0
0.0
0.0
0.0
0.0
2.4476018821022727
2.5582475974343035
3.1248799989642517
3.8216643132990056
2.018049640447442
0.0
0.0
0.0
0.0
0.0
0.0
0.0
0.0
0.0
0.0
0.0
0.0
0.0
0.0
0.0
0.0
0.0
0.0
0.0
1.4544344197591152
0.0
0.0
0.0
0.0
0.0
0.0
0.0
0.0
0.0
0.0
0.0
0.0
0.0
0.0
0.0
0.0
0.0
0.0
0.0
0.0
0.0
0.0
0.0
2.274047971413351
0.6298252441406255
0.0
0.0
0.0
0.0
0.0
0.0
0.0
0.0
0.0
0.0
0.0
0.0
0.0
0.0
0.0
0.0
0.0
0.0
0.0
0.0
0.0
0.0
2.6850934747869326
1.736028546697443
4.187707977479878
5.188577971117422
1.0201387340198869
0.0
0.0
0.0
0.0
0.0
0.0
0.0
0.0
0.0
0.0
0.0
0.0
0.0
0.0
0.0
0.0
0.0
0.0
0.0
2.165702228338068
0.048216827947443176
0.0
0.7362019131747156
0.0
0.0
0.0
0.0
0.0
0.0
0.0
0.0
0.0
0.0
0.0
0.0
0.0
0.0
0.0
0.0
0.0
0.0
0.0
0.0
2.489353218217329
1.0498042879971592
0.1405104647549718
0.0
0.0
0.0
0.0
0.0
0.0
0.0
0.0
0.0
0.0
0.0
0.0
0.0
0.0
0.0
0.0
0.0
0.0
0.0
0.0
0.0
0.0
0.0
0.0
3.0018181085759936
3.6284201793323843
0.0
0.0
0.0
0.0
0.0
0.0
0.0
0.0
0.0
0.0
0.0
0.0
0.0
0.0
0.0
0.0
0.0
0.0
0.0
2.4776706698330973
5.198296155894883
4.956453450520833
8.472789780865286
5.0299070260712595
0.2870371744791671
0.0
0.0
0.0
0.0
0.0
0.0
0.0
0.0
0.0
0.0
0.0
0.0
0.0
0.0
0.0
0.0
0.0
0.0
2.7807576038707382
5.086297995087596
5.178224254261364
6.253101751154119
4.179778420928031
0.0
0.0
0.0
0.0
0.0
0.0
0.0
0.0
0.0
0.0
0.0
0.0
0.0
0.0
0.0
0.0
0.0
0.0
0.0
2.767029367897727
5.1076075831557795
4.172939155717329
6.031505061848958
1.2544781116832382
0.0
0.0
0.0
0.0
0.0
0.0
0.0
0.0
0.0
0.0
0.0
0.0
0.0
0.0
0.0
0.0
0.0
0.0
0.0
2.9869830988103696
5.511867236328127
5.302703213778409
5.544192955433236
3.4046209494850843
0.0
0.0
0.0
0.0
0.0
0.0
0.0
0.0
0.0
0.0
0.0
0.0
0.0
0.0
0.0
0.0
0.0
0.0
0.0
3.6002542051373108
5.813238441051134
5.6476272460937516
5.248299745501895
1.6319518199573873
0.0
0.0
0.0
0.0
0.0
0.0
0.0
0.0
0.0
0.0
0.0
0.0
0.0
0.0
0.0
0.0
0.0
0.0
0.0
0.0
0.0
0.0
0.0
0.0
0.0
0.0
0.0
0.0
0.0
0.0
0.0
0.0
0.0
0.0
0.0
0.0
0.0
0.0
0.0
0.0
0.0
0.0
0.0
0.0
0.0
0.0
2.1561748165246217
0.0
0.0
0.0
0.0
0.0
0.0
0.0
0.0
0.0
0.0
0.0
0.0
0.0
0.0
0.0
0.0
0.0
0.0
0.0
0.0
2.5374179798472998
0.5384556507457391
0.0
0.0
0.0
0.0
0.0
0.0
0.0
0.0
0.0
0.0
0.0
0.0
0.0
0.0
0.0
0.0
0.0
0.0
0.0
0.0
0.0
0.0
1.759990016867899
0.0
0.0
0.0
0.0
0.0
0.0
0.0
0.0
0.0
0.0
0.0
0.0
0.0
0.0
0.0
0.0
0.0
0.0
0.0
0.0
0.0
0.0
0.0
0.9367094770951702
0.0
0.0
0.0
0.0
0.0
0.0
0.0
0.0
0.0
0.0
0.0
0.0
0.0
0.0
0.0
0.0
0.0
0.0
0.0
0.0
0.0
0.0
0.0
2.285065489612926
0.0
0.0
0.0
0.0
1.1696203058416201
0.0
0.0
0.0
0.0
0.0
0.0
0.0
0.0
0.0
0.0
0.0
0.0
0.0
0.0
0.0
0.0
0.0
0.0
3.068627317116476
0.8651356600674718
1.3822207497336663
1.7093295077237236
0.0
0.0
0.0
0.0
0.0
0.0
0.0
0.0
0.0
0.0
0.0
0.0
0.0
0.0
0.0
0.0
0.0
0.0
0.0
0.0
3.1091830832741483
0.8458933061079545
0.0
0.0
0.0
0.0
0.0
0.0
0.0
0.0
0.0
0.0
0.0
0.0
0.0
0.0
0.0
0.0
0.0
0.0
1.1326350352894183
4.520424009380921
0.07248573774857954
0.19274868386008456
2.5920593994140644
4.747009980912643
5.852906658380683
8.286753897372149
7.316116294537166
5.768570640980116
5.171191250147967
0.7032111564867418
0.0
0.0
0.0
0.0
0.0
0.0
0.0
0.0
0.0
0.0
0.0
0.0
0.0
2.763297097685843
5.702927929687501
6.097746697443181
8.728373717891806
8.486012761896308
8.476111283735797
9.774468554687502
8.575882861328125
7.446668590198866
6.157026686789771
5.844923712713071
0.8245326615767031
0.0
1.6758549161044045
4.7949767666903425
2.683358309659092
0.8258428895892518
0.0
5.951441845703124
6.119797494229406
6.932483305220171
6.814214445726801
7.298329310191761
7.275691116240531
8.250728457919035
8.199388863488403
7.929547290778884
10.887874800248575
10.713038636363642
10.549355060369347
10.925661252714374
10.34506825284092
9.731938434010091
9.49126661931818
8.892711909623584
8.423625843394888
7.920321759588067
8.195203111683236
8.538756131628787
8.598823159327651
5.566821906072443
5.95904091131037
7.218491747307055
7.0217532670454545
7.340691280480585
7.42894922096946
7.45508221694484
7.724834424567945
7.642349546490293
7.739203142755682
7.900582060842803
10.886749672259697
10.573277598248099
10.562550512210604
11.365957745916202
11.038245429391582
10.934411780894884
9.690535394472061
9.601551624644875
10.108098996803987
9.840566157670459
9.86922659357245
9.866472907788827
9.775528719815336
7.112342539654347
7.461020069099197
8.109848668323865
7.79052936789773
8.154352121803976
8.041483793501422
7.933234738991479
8.482244637784094
7.977065846946024
8.974648304332385
8.73837057587595
11.997714457563916
11.652836399147736
11.364755578243354
11.92035636541192
10.813519410130873
11.072025834517035
10.426226074218727
14.474745200455537
13.658625763494301
12.34528057528409
12.018333531605135
12.484279274680382
12.000401624644892
7.828689280007097
9.320356789328843
9.22195831557765
9.428449529474431
9.384061171283143
9.531680566406251
9.278131818181818
9.554782270951703
9.479538627485795
9.385352570134943
9.196881400923292
12.396655202414768
12.039641456557764
11.867861903705016
11.892591503906237
11.290188485440346
10.626923828125017
10.088794645182292
9.454443243963068
8.662234077592332
9.560246715198865
9.54950755948154
9.308714351029835
10.073978175307767
6.3619404074928925
6.101498723810368
7.479318715968277
7.546010040838066
7.73636454190341
7.715679149295693
7.975548448597302
8.046943833599668
8.149816068892049
8.056468885387075
8.517322710996687
11.393414707623107
10.974279720052074
10.894714737215908
11.054630393288328
10.783313179154828
9.914191759883995
9.349319861209754
8.81304623135653
7.878970365767046
7.668444659978692
8.237356134588069
7.8637013227982955
8.510332364169033
5.773696271306818
5.038202543871331
7.058557080078122
7.958030522017048
7.067209849964488
7.405189750532673
7.453508600408381
7.3860635490648665
7.71629679953835
7.692085066731767
7.676008460582387
7.8175163100733895
7.933710575727982
8.010865477035985
11.132895245176373
10.517227800958823
9.72889968039773
9.007157182173295
8.856597801254729
8.474432128906251
6.656527533143941
7.17053386674361
6.857608408794979
4.470760609759705
4.019960410748106
0.08077931685014209
6.255711998401986
5.159578440163351
6.440203122780542
6.550014146839488
6.643947371419269
6.467439125384707
6.62554647993608
6.839718737423058
6.668857813239821
9.602004455196495
9.217057898319128
9.163301648319129
8.740503977272729
8.798493689334752
8.453040286162407
8.428922314453125
7.884289375443894
7.746430412523674
6.819992231149384
6.592448181522255
6.992197834546642
7.318341101444131
4.338495035807292
0.0
3.002739524147726
4.713908866743607
1.9013258012251406
6.402387909860322
2.5034890417850373
2.7882815710819124
4.865643753329188
7.023483104728931
6.745613310102982
9.521748181522263
9.134518868371204
9.00754888583097
8.771721683412112
8.068450972123578
7.5554702496152935
6.94393505415483
6.4152774636008525
6.183023191879736
4.660111331824101
5.0126810924183225
5.56084989901456
6.272467373934657
3.725376552142518
0.0
0.0
0.0
0.0
0.0
0.0
0.0
0.0
0.0
0.0
6.652503038441043
8.342472642933238
8.823563347833808
8.99488982303504
7.853881807007985
7.540332282049005
6.247887109375
2.422419229403408
0.0
0.0
0.0
0.5157215154474432
2.622434701260654
1.8565399347478682
0.0
0.0
0.0
0.0
0.0
0.0
0.0
0.0
0.0
0.0
4.538614515269885
7.3270290941643
7.109235302734375
7.135690514026991
7.0767015225497145
6.31092088512074
2.8167389825994333
2.26997948330966
1.1924542169744317
1.2668575328480118
1.532543004261363
0.0
3.0549131081321024
0.0
0.0
0.0
0.0
0.0
0.0
0.0
0.0
0.0
0.0
0.0
4.396811214192705
7.201528267045455
8.176931584398673
8.317967813387783
3.7246611461292614
7.465646526544748
1.997806764914773
0.0
0.0
0.0
0.0
0.0
0.0
0.0
0.0
0.0
0.0
0.0
0.0
0.0
0.0
0.0
0.0
0.0
4.52829994229403
7.13173914166075
7.253066256066523
7.454287180397727
7.2320859286221575
6.812800248579544
5.316885016424006
2.2881741943359377
0.8313558837890629
0.47979402521306774
0.0
0.0
0.49434474209872176
3.569863699248344
0.0
0.0
0.0
0.0
0.0
0.0
0.0
0.0
0.0
0.0
0.0
0.0
0.0
4.837627769886364
7.690186207534328
7.732412011718751
7.823729931640625
8.039498713452886
6.31479005237926
6.685193496241714
6.585974736624055
6.431433673650568
3.8075109478574802
0.0
0.0
0.0
0.0
0.2095604336825282
1.2643411110617904
2.8470718365293575
0.0
0.23618961292613638
0.0
1.631623710493608
7.543850419477992
9.125356199692233
9.34575849609375
9.67984946732955
8.234072637754496
5.991290673088306
2.674895925810843
0.0
0.0
0.0
0.0
0.0
3.905059863281249
3.923156099076705
0.0
0.0
0.0
0.0
0.0
0.0
0.47883212002840914
0.08210503151633518
4.349897123579546
2.8678206431995736
8.682881338778403
8.417741459517043
8.955288097205528
9.426273144531258
6.58903086381392
5.624989165334991
0.0
0.0
0.0
0.0
0.0
0.0
0.0
1.1867074773615058
0.0
0.0
0.0
0.0
0.0
0.0
0.0
2.614897842684659
4.480272847123579
3.0154176868785516
7.810402761008503
8.476836230468749
8.45977118696733
8.469012076822915
7.443105535333808
7.524667009943183
6.985106807467182
6.328491826467805
6.451876123046878
5.605449964488636
5.133718736683239
2.8010191006747167
6.203167387251418
3.668661319247158
0.0
0.0
0.0
0.0
0.0
0.0
2.0346637051669045
0.0
0.529896185117779
0.0
4.495166965553986
7.488353919566761
8.383610830965912
8.983763041089098
6.011024243866265
2.32653056196733
2.25693369140625
0.0
0.0
0.0
0.0
0.0
0.0
0.0
0.0
0.0
0.0
0.5850183438387782
0.0
5.692706867009942
4.905130903024387
5.883080233487217
6.133115509588067
5.920713452888257
9.117727832771074
8.195786989524146
8.239401131924717
9.23255791459517
6.376264351029829
5.6006483176491475
2.3361700617009955
1.9475710094105119
0.0
0.0
0.0
4.372845274769175
6.0440976251775576
3.3671688698508517
0.0
0.0
0.0
0.0
0.9298451260653409
0.16397618075284093
0.5580162420099432
1.9273281338778419
4.267437089399857
5.174215711558947
9.651280180220168
9.298014374704069
9.283555264559665
9.577789257812508
7.626282563920455
6.402719261955494
5.64170164757931
2.5548098122336667
1.5220295920632099
0.0
2.6753698249585707
0.18266975985440362
6.272379922022964
4.272418874289773
0.5653729070490054
0.0
1.3655350674715898
4.621311356977983
6.330774866092566
6.60136561168324
6.788884077592328
7.575748011363637
7.985879474431821
8.024016978870735
8.696062322443181
9.075803699100378
8.974640481474905
9.19648819099195
7.245785622336647
0.9877698952414772
0.0
0.0
0.0
0.0
0.0
0.0
0.0
0.0
0.0
0.9028207408558235
2.569990454101563
1.0917683194247154
0.9479076371626417
5.590127117365055
6.242800682853929
5.917862264737216
6.727620453805633
7.528245862926135
10.203312792968747
9.952354376775572
10.878267169744317
12.065428217656063
7.670213716264203
6.843768998579548
6.110137997159091
4.193636148348722
0.8864609641335228
0.0
1.0921165793678973
1.5603290194424717
5.553496321614585
4.129901771869085
0.9464054687499996
1.71338505859375
4.05600838881984
3.700207492897729
6.478595882901278
6.732216148792614
7.421042449396308
7.608796613103695
7.751055632250236
8.58985821200284
11.586433318536926
11.19426473721591
11.824277281605093
12.296605504261391
8.501266332267994
7.824445627663352
7.251370037286931
4.913834120501893
5.3381550026633535
2.622809221857243
4.497945836292615
2.9112197909268445
5.490363403320311
4.359288955965908
0.0
0.0
0.0
0.0
0.16930968128551183
6.069183953302557
6.596165749289775
6.800152476917612
6.628679816228692
6.927460887192232
8.648127825372871
9.327440864701716
8.902887633167612
8.446345999053031
7.003543525094696
7.162610279799952
4.028234080551611
0.0
0.0
0.0
0.0
0.0
0.0
0.0
0.0
0.0
0.0
0.0
0.0
0.0
0.0
0.0
0.0
0.0
5.053692564068417
7.448910857599433
7.03355351118608
7.917534570312501
5.68275877574574
0.29596850585937456
0.0
0.0
0.0
0.0
0.0
0.0
0.0
0.0
0.0
0.0
0.0
0.0
0.0
0.0
0.0
0.0
0.0
0.0
3.5076157892400612
0.7809732018821027
0.0
0.0
0.0
0.0
0.0
0.0
0.0
0.0
0.0
0.0
0.0
0.0
0.0
0.0
0.0
0.0
0.0
0.0
0.0
0.0
0.0
0.0
2.753233103989109
0.0
0.0
0.0
0.0
0.0
0.0
0.0
0.0
0.0
0.0
0.0
0.0
0.0
0.0
0.0
0.0
0.0
0.0
0.0
0.0
0.0
0.0
0.0
0.0
0.0
0.0
3.8712206054687552
6.33508896484375
1.8211419833096583
0.0
0.0
0.0
0.0
0.0
0.0
0.0
0.0
0.0
0.0
0.0
0.0
0.0
0.0
0.0
0.0
7.272727272727272e-07
0.0
2.847935742187499
0.725432626065341
0.0
0.5723147416548291
0.9834166592684664
0.0
0.0
0.0
0.0
0.0
0.0
0.0
0.0
0.0
0.0
0.0
0.0
0.0
0.0
0.0
0.0
0.0
0.0
0.0
3.779804842862212
2.0206856393525094
3.449429341264205
4.036934906981653
2.014987812943892
1.593810165127843
0.0
0.0
0.0
0.0
0.0
0.0
0.0
0.0
0.0
0.0
0.0
0.0
0.0
0.0
0.0
0.0
0.0
0.0
4.384393346058243
6.779321000532672
6.592582652698866
6.381109263287166
6.27182511171283
5.664238957445549
3.3298022882634952
1.1244259077592318
1.996969755415482
0.0
0.0
2.1661822021484376
1.583546695223722
3.188866441761364
0.0
0.0
0.0
0.0
0.0
0.0
0.0
0.0
0.0
0.0
4.001052405894885
4.673159624319365
5.841991965553976
6.14598567116477
6.115891952237215
2.2518278127959284
0.0
0.0
0.0
0.0
0.0
0.0
0.0
0.0
0.0
0.0
0.0
0.0
0.0
0.0
0.0
0.0
0.0
0.0
3.5878447398792574
1.1761025301846593
1.076585653409091
0.28423577954841367
2.0224044034090918
0.49639192560369366
3.7903594504616476
3.5740430575284083
2.1041979048295447
0.82339531693892
0.7425717396129254
5.217993887606534
5.825358887458571
2.0467219327059656
2.586990607244319
0.0
0.0
0.2102810284238873
2.7074538729580966
5.964220614346591
5.4455618940873585
6.548132936789774
6.767576239938449
6.661402213541667
9.47098298931699
8.46826128817472
8.647912797407669
8.841902081853693
8.152670356889203
6.741329771839488
5.66420926624645
6.137185569069602
6.215823523319131
6.204052450284092
7.087122035540957
7.197891148792616
7.248480581942473
4.470616836825285
0.9658595259232965
1.6491096413352275
4.122158387340199
2.951646717418323
0.0
0.0
0.0
0.0
0.0
0.0
0.0
0.0
0.0
4.382073251065345
5.928588891601564
3.582842891068894
2.452270815577651
0.0
0.0
0.0
0.0
0.0
0.0
0.0
0.0
0.0
0.0
0.0
0.0
0.0
0.0
0.0
0.0
0.0
4.447873548473017
6.845052907492896
7.134452548680162
7.385153560754025
6.975330616714013
4.149067260742189
3.8286742276278405
0.3149575239701709
0.0
2.5530030118075278
5.8404094748757105
4.734135566850141
4.818550678415009
2.202230559747869
0.0
0.0
0.0
0.0
0.0
0.0
0.0
0.0
0.0
0.0
4.113269165039058
6.410863372247872
6.154994367009945
5.918593699692235
4.951078362482244
2.6556266113281266
0.0
0.0
0.0
0.4647476984197452
0.0
0.0
0.0
0.0
0.0
0.0
0.0
0.0
0.0
0.0
0.0
0.0
0.0
0.0
4.234301680131394
4.952939928089489
5.186603366921166
6.149261558948862
4.043739433149859
2.9012682128906246
5.0196909268465895
0.0
0.0
0.0
2.8049888849431825
5.206883656634708
4.901541846442945
3.4075204264322907
0.0
0.0
0.0
0.0
0.0
0.0
0.0
0.0
0.0
0.0
4.727120009173766
7.2681602701822925
6.922672474254264
6.694835400390625
6.383027086292613
4.7075588487246
2.0865460804332403
2.633536907404118
0.21436177645596635
6.410589903675427
6.629740931285511
6.951939426491479
6.7330353670987195
4.100436942175662
0.21487043013139184
0.7762396684126418
0.0
1.2666534579190345
0.5125282004616473
0.0
0.0
0.0
0.0
0.0
4.873393075284091
7.43934912109375
7.834928422407666
7.618546820993134
7.037674995561079
7.083761180160986
6.774021311257102
6.849600363991477
8.078561840080493
7.3032341042258535
8.274304551373106
7.591185440340909
7.304009570312501
4.443980681818183
5.007484547378078
6.343932159978693
6.367105411044034
6.970933943684899
6.685161310369318
7.248928223396067
7.329056241122161
7.125691684422347
7.602237198153409
7.933871833570078
10.45713164506393
9.762578506747156
10.087964744614123
10.325288778409087
10.441934312855116
8.40233263494318
6.981294474283854
7.8107015403053985
6.912888933771307
7.125164355468751
7.9710043900923315
8.227755766157669
8.119423899147726
5.588458957741477
7.342942438299004
7.476995672052556
7.9739949884588075
8.017076660156249
7.774201419714723
8.877327676669033
8.709062841796873
9.064548473011364
9.014519806463069
9.627056184895842
10.170792231889203
10.402112545868835
10.308094767992428
12.623504430042617
12.177291477272728
11.547215465198862
9.359968600556348
10.143339062500008
9.462389568536937
9.51534526515151
9.898536976207385
9.90070970348012
9.767063321200277
8.818816099964492
9.767872034801139
9.88831597271543
10.320453657670472
10.668899405184654
10.517188476562511
10.18659662642044
10.432000204190343
10.756651373106054
10.823064337713086
10.561078764204542
13.38697250976561
13.389065308356999
13.818254936079557
15.491619714725381
15.497260893110802
13.857291008226802
11.56609958274149
10.797007386363646
9.895492643229169
9.946598344282672
10.212511754261373
11.494394926313918
11.419738343394874
8.658002124023438
10.866006720525569
11.044875967684654
10.970991095525573
11.072576962002843
10.743679572088084
11.072390790719702
11.802838991477273
11.77891425781251
11.809929197739127
11.583848837002828
14.428226691228684
14.012430877130681
13.655070783025591
13.560140163352282
12.497687464488637
12.102949662642045
10.99028574958571
11.662351642400546
11.308429438920445
11.551528391335237
11.348907822857491
10.766550719105114
11.872578844105119
9.591682768110793
9.590471900153887
10.175046644176128
10.445428598484845
10.39392589666193
10.579854455196484
10.267377121803992
10.204262153764201
10.181545550722062
10.003964824514679
10.03544018258759
13.175405513139198
12.4634086854877
12.259266938920454
12.270004589843735
11.45142169892281
10.936779509943191
9.985423339843742
9.99526913174715
10.152631303267045
9.549942231889206
9.765033220880685
10.076696040482954
11.012355268998578
6.391702263849431
8.274216310073392
8.852696200284091
8.647994952947442
9.134718467388732
9.090450976562499
8.959202965198864
9.21773563417377
9.39787039240057
9.737554940518464
9.787043172940342
13.451499612334288
12.719553958037416
13.957080344460234
13.432374547230136
13.345190198863628
9.747348924301612
8.646551547703597
8.054906574041192
6.870124245383522
6.571939968039771
7.93227625177557
6.601157857629025
8.34137958540483
6.456618267637305
7.874650776455965
8.567876853989112
9.546716163589014
9.759509428267041
10.301188014914779
11.148301239938435
11.326743128551128
11.5932203420928
12.02542884410512
12.695140777402935
15.2887673650568
15.102086550071016
15.403796700402445
15.480287917258527
14.182769566761372
11.27572099609376
9.9379266068892
8.365396645655776
8.30849367897727
7.590967677260889
8.011592813387786
7.664902814275567
8.41210412079782
5.8368653919566755
7.975092631392044
8.644662755977745
8.348417001065341
8.620034157492897
8.392343710049717
8.662041170987214
8.020605217950994
8.060895059481537
8.186433882279829
8.76015438269413
11.546781445312504
10.364862787050193
10.969636132812509
10.865486033676618
10.956016348544034
8.288585424804694
7.517123046875
6.83205280983665
7.507222607421875
7.777873665364582
8.169765544359612
8.726652796519888
9.164714524147731
5.783225324041194
6.449090347567472
7.704970482658616
7.681538303444603
7.3794274206912895
7.538774542791193
8.14702500295928
8.517564319957387
8.444540043501418
8.347723061671402
8.112087676077179
7.931210054154831
7.782499436257098
7.685115895774151
10.788895854048285
9.791279196259469
9.354565074573863
8.91074168664181
8.206575177556816
8.948104856178977
8.894919655539772
8.1832765588009
8.291981326201473
5.187494309303977
1.870546566495027
2.9653413241299726
5.531008578213781
6.446665651633523
5.684654576526988
4.734691981830017
4.178756769353694
7.570438681492661
6.640714200106535
7.37049139737216
7.667677463600852
10.454564963600863
10.0179465909091
10.069922425426139
9.81701859759707
8.883019338896782
9.529503743489586
8.528395546283145
8.351654361979168
7.777950799745505
8.198629993785513
7.543711470910276
7.580638987038352
7.700018705610798
4.7082044877485805
3.4150197887073874
2.881571071555398
4.094248049094461
1.5529555220170457
0.0
1.9321402373342798
0.0
0.0
0.0
1.655703014396898
7.710888409978688
8.97138329190341
9.348168448153405
9.39905035511363
9.221134650213072
8.41894129675663
8.318790549538353
7.526295020271073
7.44665773259943
7.1789534593986755
5.969015016867899
6.3416273393110805
6.4544164129083805
3.6967057484019876
0.0
0.0
0.0
0.0
0.0
0.0
0.0
0.0
0.0
0.0
5.028405063328607
7.859934903231533
7.819105442116481
7.958372753906252
7.405715957919034
7.234765704900568
6.7569692538174735
6.652568519176136
6.994903160511362
7.024133402876421
7.628301691228696
8.47927023999763
8.20271349431818
5.6467382191051145
5.960817307350854
7.137434431966143
7.211813165838069
1.5157761274857955
4.497586543412644
5.036973894708805
6.188604465553979
5.360863651899858
4.557792877012311
5.179579619436553
9.298563381125703
8.911618566524627
9.383903631036926
9.64562214133523
9.303713683712122
7.16349570756392
6.341256871744795
5.825003515625
5.658940394176134
3.5324977050781254
5.974793162582861
6.393795871803977
7.190335289417613
4.49635107865767
2.74790263893821
4.404221950461648
6.899208420632101
7.31552566139915
7.094309414950286
7.3112721975615536
7.733309255149146
3.3473940740411936
3.051211403586646
0.0
7.8850207386363556
10.233779723011365
10.003173899147713
9.702692356178966
8.339881264796402
8.500278626598007
8.108212437855116
7.529872460937498
7.62686168767756
7.23374053622159
7.563014436109137
7.626122230113638
7.959177327473959
5.4460775390625
4.778770933948865
5.7763604492187515
7.023953728693183
7.02961661044034
7.070235191761361
7.790703710937503
7.612275352154357
8.03631736727628
7.972018386008525
8.231908494614109
10.442973256983905
10.582453227095165
10.979115278764235
10.483604856178987
10.31804939630681
9.099316529060133
8.260964497514204
7.7860664284446015
7.607089058061078
7.769341267163823
8.276854519560843
9.102474527994794
9.008506020655775
5.521348117897728
5.197844342595882
7.151136257102272
7.512283922230112
8.256601549183236
8.829000741299716
8.521913747336647
9.301996617542612
9.820665056818179
9.934827466560137
9.863547531960233
9.627691120679456
8.321208518288353
8.844702513908617
11.902513307883515
9.661446040482954
9.85892459161932
9.366609108664772
8.12529308416193
7.2622370457504735
4.640274633789063
7.626776362748581
7.543941441761365
4.633156578480114
0.0
1.0221482710404828
0.0
0.0
0.0
0.0
0.0
0.0
0.0
0.0
0.0
5.222777232776988
8.369014328835226
8.706027993312022
8.740860142933238
8.630888068181818
7.4623206809303975
6.935703770862929
5.624359965376421
0.7959974032315347
1.822427125503077
4.785152450284093
6.706503821910513
7.136681467507102
4.254591286399148
0.0
0.0
0.0
0.0
0.0
0.0
2.629144380326703
3.4283722782019437
4.832549795069839
5.132800684333572
9.127800929953837
9.074960828006622
9.68389779829545
9.181762969045925
8.59958653675426
6.685527204663825
5.828526637961648
0.38846013405539725
0.0
0.0
0.6927372292258536
5.5592618615352745
5.993477234256627
3.3309170232599445
0.0
0.0
0.0
0.0
0.0
0.028780797230113633
0.0
0.0
3.5503027765447452
4.211255590820313
6.275231880326699
8.373160560191764
8.650049884588071
8.88872941376657
9.613834135298294
7.975543184037645
8.813203426846592
7.35926993593158
8.860300834517046
8.731931011777936
7.83707550085819
7.762887420099433
9.28885984108664
6.15695006214489
7.444616875295926
8.096465163352272
8.656860415187028
7.936408762428976
9.202652015269885
9.464055530894889
9.493352874940808
9.845113458806814
10.174912292850372
10.200018554687498
13.07947943004262
13.165647864879254
13.297376988636357
13.310049638967826
13.820612760416681
10.69210321377839
9.021562027994785
7.240827755829781
7.585530317826706
8.587133882279828
9.416928160511361
10.895646954900572
10.174010609019884
6.929765363103693
7.457833470939867
8.802800501598009
9.463161612215911
9.680749835759947
9.347071624940817
8.889243992660987
9.29438567264441
8.73728349757339
8.6347199144768
8.547124129971587
11.409178182705954
11.122405149147736
11.057106729403392
11.266009650213054
10.638879465553982
10.646790537701207
11.577008564157198
10.44179129971591
10.39964438920454
10.566318226207391
8.996401882102274
10.214292510061572
9.923088343394884
6.539124960049714
6.36342716249408
7.6397686249704035
7.369063798384232
7.381387304687499
7.167636585582385
8.108885582386362
7.85891112837358
8.247357841352983
8.73708067294034
8.98661639737216
12.32241482155539
11.481696879438937
11.350753292199355
11.163891520182302
10.793963535748118
10.791547913707392
9.963337649443655
8.980963361150568
8.535666325609613
8.88159582149621
9.349034404592807
9.910460487689372
9.20141775568182
5.349540787760415
2.6893365215879492
1.5114955433238635
4.884669663677792
2.4004691998106082
6.4595897949218735
5.501913802823151
4.5629973876953125
6.163552124023437
5.86464765551018
5.517239422052557
4.848620971679686
7.5288976251775575
7.707677175071023
11.13731357273911
11.786722229758517
11.520953694661452
10.748632927911927
10.562859576231062
10.712252361505689
10.714926766690336
10.71574635120738
10.894312109374999
7.2082990234375135
7.165172725053267
8.248701694187973
8.244247634055398
8.097159812973487
8.101593496981533
8.065020554421164
8.04343018909801
7.958844167258524
8.054390688624524
7.862786872632578
7.974307208806815
11.194442592921401
12.08152427053743
11.73146980646308
12.969485697798318
13.852239417613653
10.088357701526984
9.760339142400566
8.200159161931822
8.524882870205964
8.719290502189866
9.439115792199335
9.737209925426141
10.703945009173767
6.408555630030772
8.035681176757812
8.682826959043563
9.094818386008525
8.992463671875003
9.313136816406248
8.985954962713066
9.136350257457384
8.860543545809657
8.66312648407907
9.083624739583334
11.973921413352269
11.270150233783147
11.647070435310134
11.851275026633528
11.101187168560608
11.315498606178965
8.937703813032671
7.606783345910274
6.907567648407908
7.834179905746922
6.982093639026988
7.753604446318655
8.058990842507102
5.2138022105823865
4.241195350230824
2.142102889737216
1.5590036021839488
2.4384408447265637
0.23343728693181787
1.4142630726207392
3.170591577148436
5.4373416614879275
5.486099915660511
6.115713527610084
9.965560267223008
9.623856816702181
9.81191846738874
9.119561008522727
8.634041965553976
8.156772790897254
7.654428597005207
7.4024520559599924
7.404349067826707
6.722688263494317
6.972532452947444
7.087981807824338
6.763074280894887
4.009954239908854
0.0
0.0
0.0
0.0
0.0
0.0
0.0
0.0
0.0
0.0
4.261140638316764
7.447649609375
6.837488063742897
5.063932354551372
5.407021941583806
0.8869924715909095
0.0
0.0
0.0
0.0
0.0
0.0
0.0
0.0
0.0
0.0
0.0
0.0
0.0
0.0
0.0
0.0
0.0
0.0
4.182892502663348
5.1099184659090895
5.913337455610797
6.5014807239879255
7.047091299715908
6.466282883522728
3.8182859463778427
3.7144968291311566
1.461897287819602
5.462844269353693
5.6689675226384955
6.166986989524148
4.868310291637072
3.495280783913353
0.0
0.0
0.0
0.0
0.0
0.0
0.0
0.0
0.0
0.0
6.175072070312504
8.02111058608546
8.457510509144177
8.141002126242897
8.36487284268466
6.826487069424716
0.0
0.0
0.0
0.0
0.0
0.0
4.8858665371981544
3.7721125310724446
0.0
0.0
0.0
0.0
0.0
0.0
0.0
0.0
0.0
0.0
0.0
0.0
0.0
5.012748109019891
8.447580553089493
8.445961181640628
6.650650843394886
6.810738529829546
6.568042523378313
6.343041348544034
5.28035887340199
6.73923574884588
4.022259876598014
0.0
0.0
0.0
0.0
0.0
0.0
0.0
0.0
0.0
0.0
0.0
5.483689794921879
8.71913973721591
9.080038893821024
9.188635286458338
9.187869915956439
8.014804771839488
6.683632657877606
6.714740656072442
6.672182772549715
6.24483620827415
7.437497136896306
7.028832166637074
7.404677001953122
4.421643053089488
0.0
0.0
0.9914126553622163
0.0
0.0
0.0
0.5726727916370736
0.0
0.0
0.0
5.119462619850853
8.62557677704782
8.075498783735794
7.5719256525213074
7.238462402343751
6.625761900745738
4.045826693448155
0.0
0.05254631569602273
0.9050412952769892
0.8404211270419036
0.7456018865411941
1.398709423828125
2.475756611772017
0.0
0.0
0.0
0.0
0.0
0.0
0.0
0.0
0.0
0.0
5.061632439630686
7.302093341619317
7.499881952089254
7.673487575461644
7.921064670632103
8.00132286487926
5.709886809008049
3.59362236476089
4.667436012221827
4.240513294566764
6.951259495590674
6.472238243519173
7.258476244377369
4.684518612393467
4.785684952059659
7.053078252249051
6.95400889559659
7.304411397668087
7.950730468749999
8.143462735262784
8.161711270419033
8.53767510209517
8.283954171105588
7.161606517814871
10.94933173236269
9.493317675781245
9.482592135712597
9.617736123934657
9.385386674360795
7.647659849964487
2.3688290571732953
2.5736931152343754
1.7852918412642047
0.0
0.0
0.08747648037997163
5.557122438742898
3.9625517134232946
0.0
0.0
0.0
0.0
4.526882173295454
6.293151637221829
5.312580779474433
6.68864774946733
5.024703533380681
6.594555551609847
6.9722653542258515
6.8766368430397735
7.052804404148909
7.0437237304687494
6.813613156960229
6.703577024887545
5.684844089577416
5.8098830943714495
6.095669775390624
2.840822847123579
0.0
0.0
0.0
0.0
0.0
0.0
0.0
0.0
0.0
0.0
0.0
0.0
0.0
0.0
0.0
0.0
0.0
0.0
0.0
0.0
0.0
0.0
0.0
0.0
0.0
0.0
0.0
0.0
0.0
0.9707072931463071
2.312553924375593
5.953814288884942
6.680803058416192
0.06375510919744319
4.332757867246687
5.627433300781249
0.0
0.57485889115767
0.9999394065163355
0.2533244096235791
0.0
5.365286581143475
8.698262001361273
8.573451719341858
7.341992106859612
7.137906760475851
6.465163787286932
3.509836552290484
4.8372417946555375
6.349255997721357
3.986434685724433
0.0
0.0
3.7430039905894885
6.338299382990056
7.402165283203126
7.512107650479404
7.761264603308475
7.969406365411933
8.196739578894412
8.29582747099905
8.143633709161932
10.896201118607943
10.206884434185609
10.661618631628764
10.16346802645596
10.142608895596577
9.01269656649503
7.314595316938921
6.50731036857836
5.967017970229636
6.177862238103692
6.763274579042378
7.370090006510418
8.196778505267519
5.502041273082387
4.663349194335938
6.788074488044509
6.140350795306583
7.237667489346592
7.546364160156245
8.174308362926139
8.207579794034089
8.620716856060605
8.762142356178977
8.95829823330966
12.34157492897728
12.052709710878316
12.741506908439874
12.177164186789774
12.021594398082392
10.665278845584739
8.926844051846594
7.2422654696377835
7.297400123549952
7.5682615012428975
8.349320704604638
7.939065384558474
8.213782146661933
5.245237815163352
3.767800890003552
3.007072935901988
7.045057523970169
7.935504556551851
8.71176838008996
8.935733824573866
9.222262116773202
9.617755015980107
9.501944810901989
9.251889319957387
12.245054651988646
11.811194522372164
12.21957489346592
12.042936517518946
12.3800780983665
10.828348357599427
8.848477166193181
7.780572529740767
7.506100018495501
7.289444664417613
8.4157269753196
9.256326575816765
9.433679101562493
6.892169984019879
7.939320121626422
8.474597703598485
9.330333398437501
9.576146315696024
9.480685706676136
10.083538520951704
9.980294933712125
10.176615811434662
9.98606691672584
9.547275213068179
9.388747286339965
8.746015488873105
8.590382603870738
8.623587535511364
8.661260289417614
8.246845385002366
8.046923615056818
7.412316162109377
2.638048931699811
1.917239053622159
7.1851030458392495
7.814507216205016
9.175664999112213
10.072782344933712
10.091406542968747
10.301791938920458
10.298811539713544
9.996383593750007
10.008851083096603
