11.807342109375
6.910234374999998
9.264385228752372
10.483005726207374
10.660740127840926
10.237010346679691
40.74280025745738
64.4773248046875
64.16931406249999
63.73012851562498
62.95274417613635
60.24646502130683
58.80930745738635
57.05222588778409
56.59034549005682
55.590285973011355
55.44470372869318
56.15270834517046
56.64742425426137
47.94981876775568
45.37729410511362
49.37315699573864
49.75212361505681
49.36192098721592
29.093506693892042
7.49088961736507
5.230203959517047
8.875715110085224
8.379176877663355
8.49230074707031
35.34619676846592
56.26765743963069
55.15645198863637
54.45581182528408
53.55887855113636
52.307048401988645
51.932692045454544
49.53738909801137
46.95341867897726
47.800899396306825
49.97970216619319
31.24768579545455
39.48990843394888
38.75319593394887
41.79268979048296
43.83031166548295
43.96867835582387
45.64552602982954
45.854336860795456
46.19113467684659
46.17553664772726
44.23836544744319
45.937780539772724
45.40499543678979
43.92756029829545
43.45971947798295
44.161585546875
43.82376704545454
42.731770939867424
42.656150426136364
43.06375523792613
44.15969144176137
45.315463796164764
45.05579108664773
44.205601580255696
46.854734055397735
45.295002539062494
46.09893602627841
48.57599460227272
48.90654321732955
47.09995339133523
46.6673213955966
44.45373709161932
45.04690131392044
45.90305534446022
46.528218217329545
48.893431036931794
49.145117009943185
49.86964353693182
50.74094165482956
51.02497805397727
51.156895383522716
50.71423803267046
47.18371960227273
46.190811470170466
43.067474360795465
41.02823797940341
43.15452004616476
41.93171692116478
44.792547922585236
46.53769488636363
49.39780862926136
49.87878899147727
49.984330539772735
50.288861754261355
50.190087855113646
32.3336890625
9.01757003284802
9.874126482599431
11.222990802556826
11.090248366477265
11.200798046875018
39.0362575550426
64.31785876302084
63.41894321732954
63.27011512784089
62.48270621448862
60.65751054687501
58.556166566051154
57.17995912642046
56.3204453835227
55.499223366477274
55.52590163352274
55.64856345880682
55.23390997869319
45.85097785866477
45.32219588068181
49.70046424005682
50.56634723011364
51.051210262784096
33.582143963068184
9.860158962180396
10.966836851917618
11.290294762073845
11.223664222301137
11.55265458096592
40.90875862038353
65.52682332031252
64.63596658380682
63.83092084517046
62.90272379261364
52.234028053977276
52.88711115056819
52.03513277698865
51.8857689275568
51.193739240056814
51.23458604403409
51.49577073863638
50.984394637784085
31.85221047585227
0.0
11.450576118607955
20.211793448153404
27.230347514204542
8.469554802911928
0.0
0.0
0.0
0.0
0.0
33.162588742897746
54.76514858546404
53.07827432528407
52.57698430397727
52.43710717329546
51.45503149857955
50.62359009232955
50.18568466974432
50.07762883522727
49.89355628551138
50.1330982599432
50.461628018465916
50.67506654829544
31.502385085227274
0.0
31.1304823996804
32.66436754261363
29.85087080965909
14.271413973721591
0.0
0.0
0.0
0.0
0.0
32.8184532315341
53.32403112571023
51.58060383522727
50.762574893465896
49.96765493607955
49.23446395596591
49.14223636363636
45.65964847301136
44.568253710937505
41.766517098721586
42.314499715909086
43.18012398792614
46.63208837002841
28.56378721590909
0.0
0.0
0.0
0.0
0.0
0.0
0.0
0.0
0.0
0.0
38.339551669034094
52.76411193181818
51.335287890625004
50.59107752130683
49.87536992187501
49.15483004261364
46.50604128196023
43.72225697798296
41.623485120738636
41.581138689630684
39.66682340198864
22.832814559659088
0.0
0.0
0.0
0.0
0.0
0.0
0.0
0.0
0.0
0.0
0.0
0.0
0.0
0.0
0.0
0.0
0.0
0.0
0.0
0.0
0.0
0.0
24.38398993252841
27.130671957120025
12.923358569335937
28.72450988991478
26.077719637784096
33.12377150213069
33.10909371448864
24.409310200639208
31.92880399502841
31.139530859374997
31.99871251775568
33.69568348721591
34.475577183948865
33.03936962002841
35.41269247159091
35.37571384943182
35.30872748579546
35.10438464133523
35.06039474431819
30.39894266690341
29.29848078835227
24.301413214666198
27.992008291903414
19.599487943892044
27.617909907670455
26.853786772017052
26.02168618164062
28.936728693181816
22.077560111860794
35.14172166193181
23.43526096413353
22.403516415127843
18.811985280539773
0.0
0.0
0.0
0.0
0.0
30.618107695312506
52.53764240056818
50.90890095880682
50.109741360610315
49.61600486505681
51.3019336825284
48.80764247159091
48.183383948863636
45.64674193892046
41.6530296875
43.58480818536932
41.08222982954545
40.37666713423296
23.92668096590909
0.0
0.0
0.0
0.0
0.0
0.0
0.0
0.0
0.0
0.0
36.16275921875
49.623500162760415
48.56064016335227
47.99240035511364
42.89163705610795
39.2276033203125
32.01609786931819
29.52038903142756
35.03719604048295
34.87142242542614
31.085658915571738
39.12606672585227
37.35766249112216
24.862173330965906
0.0
0.0
0.0
0.0
0.0
0.0
0.0
0.0
0.0
0.0
37.3979707910156
53.42993323863636
51.66379964488635
51.077603124999996
50.371336292613634
49.62156235795454
49.14674300426138
48.57556669034091
49.28088107244318
49.398228124999996
49.4034353693182
49.194016725852265
49.30347759232955
31.048387002840908
0.0
14.19220770596591
22.02048851651278
23.90891353870738
12.714361780894887
0.0
0.0
0.0
0.0
0.0
32.01293142755683
50.88506968750001
49.66362524857954
49.055975106534085
48.121001988636365
44.9703908325578
41.00291331676136
38.06718293678977
39.158228409090896
40.33052929687501
40.95216791548296
38.32120914417614
40.069028586647725
21.400523277698863
0.0
0.0
0.0
0.0
0.0
0.0
0.0
0.0
0.0
0.0
37.772501796875
52.978140838068185
51.05936175426137
50.765681178977296
50.22549936079545
49.47426715198864
48.60266981534091
43.232921786221596
42.221768661221596
40.751184570312496
41.23704135298295
25.269578053977273
0.0
0.0
0.0
0.0
29.74740667613636
24.86665996981534
25.21275324041194
21.929416139914775
22.615123912464483
23.677403941761362
25.61319443359375
32.09832533203125
27.468432657137782
33.167611594460226
32.66276251775568
36.378729190340906
35.10012169744318
21.45320072798295
19.679419739879254
18.508429390092328
27.412568399325288
30.739665318714483
26.79151312144886
32.41718259943182
35.399643590198856
37.379679225852264
37.52429588068182
35.89701038707386
37.554678586647725
36.572466867897724
37.86320777698864
35.85034243607955
35.6193560546875
35.9029921875
37.2576102450284
35.707972567471586
35.721547336647724
35.616161203835226
33.640935529119325
35.48055900213068
33.31540562855113
32.04722567471592
25.730244282670455
23.644318368252843
22.6749588334517
22.767779367897727
24.428729851740048
31.29634595170455
32.20213462357954
35.13061859019887
35.37413103693182
35.61220443300189
37.87083991477273
37.79285152698864
23.763245028409095
0.0
0.0
0.0
0.0
0.0
33.83812056107956
56.8233969637784
55.041718643465906
54.93633004261362
54.37232343749999
53.320302343749994
52.635227698863645
52.1604174715909
51.56747070312499
51.42358615056819
51.13398526278408
51.51759733664772
51.34701942471589
31.794710937499996
25.56196300603693
34.25054644886364
35.29019898792613
35.845152254971595
21.842363671875
0.0
0.0
0.0
0.0
0.0
33.85450599550188
54.87735503906249
53.78947698863635
53.424036967329556
53.05504680397728
52.33911566051136
51.854492294034095
51.192222620738626
50.754983238636356
50.504762819602256
50.49139790482955
50.89915348011362
50.802893359375005
31.86870276988636
17.36282276278408
31.20143098366477
32.96072627840909
35.73228551136363
21.722586541193177
0.0
0.0
0.0
0.0
0.0
31.268944306640627
56.73747279829543
55.41257365056818
54.823923757102264
54.10336605113636
53.157693181818175
52.24916747159089
52.179324360795455
51.926281285511365
52.11641956676136
52.32343934659093
51.582987073863634
51.53849733664772
32.35942943892044
22.965615345348006
34.63013774857954
33.25071225142045
34.94690376420454
22.101673100142047
0.0
0.0
0.0
0.0
0.0
31.5265859375
55.332114666193185
53.643624325284094
54.66708313210226
56.396207776988625
53.20002975852272
52.55745823863636
52.323976313920454
51.97157727272727
51.837678515625
51.660014382102275
52.18573330965908
51.801692791193176
31.972850994318193
26.428703879616478
28.82030309836647
33.424701686789774
34.395975390625004
21.232322816051134
0.0
0.0
0.0
0.0
0.0
33.891548117897734
56.765018728298614
54.50641271306818
53.895403224859024
53.513827349320415
53.46357286339962
52.881164924457636
52.560503444602276
52.4334366122159
52.1544430752841
52.45684875710226
32.00843149857954
29.22773225763493
33.74915362215909
34.58626374289772
36.45694495738636
36.15889126420455
37.47179737215909
38.41232720170455
38.56652215909091
38.923366583806825
38.919333984375
39.30322833806818
39.16001715198863
39.03177848011364
38.80638315104166
38.77631260653409
38.508478515625
38.26246001420455
38.131684730113626
38.033449289772726
38.00650362215909
37.84057620738636
34.237715092329545
33.74332473366477
33.788705468749995
35.91259002130682
35.92088492542614
36.10270348011363
37.996410546875005
38.16669762073864
38.21899995857007
38.12806125710227
38.41148526278409
38.40393604403409
38.83635962357955
38.56720926846591
38.72194758522728
38.62694595170454
38.51917567471591
38.39910184659091
38.269853267045455
36.207820703125
33.82136775568181
30.188703781960236
26.546223011363637
31.98613874289773
27.923550825639207
27.517801731178977
33.05793030894886
32.890342578125
33.01678764204546
26.50250878018466
36.47060855823864
33.9045963955966
33.35986667258523
20.663940855823867
0.0
0.0
0.0
0.0
0.0
32.86685067471591
54.793297714843746
52.8091328295986
51.85370360303759
51.193737440814395
50.46044037642045
49.83327567027698
50.20670550426137
49.83323000710227
49.644066270123105
49.28584641335228
47.483464601089025
47.255809268465896
28.934187008759476
0.0
0.0
14.666316737689401
27.76381846147017
9.683536106178979
0.0
0.0
0.0
0.0
0.0
33.164083407315346
54.36876755208334
52.86406408532873
52.27147141927083
51.3718285748106
50.64329039417613
50.01751036339961
50.123788636363635
49.59867670454544
49.42523201941287
49.17269195667614
49.197477465386626
49.35447160866479
29.18484580374053
0.0
0.0
0.0
25.419809224076708
12.274761447975852
0.0
0.0
0.0
0.0
0.0
30.84548111328126
53.747023579545456
51.68353558238637
50.99532720170455
50.68870411931818
49.16912425426138
48.54288852982955
48.35137311789772
46.404207492897726
44.35353618607955
46.67925706676137
46.72357370383524
48.36220763494318
30.221331498579545
0.0
0.0
27.821215198863648
27.028993825461654
19.674390198863637
0.0
0.0
0.0
0.0
0.0
33.41944108664773
54.34742482638889
52.95180436789772
52.12411029829547
51.44306125710225
50.25963096590909
49.488025958806816
49.109608167613644
48.47489169625947
48.397166122159085
48.534709375000006
48.95783174715909
48.83321967329545
30.378827663352272
0.0
8.037531698330953
22.932924778053977
24.530752867542606
10.313985564630682
0.0
0.0
0.0
0.0
0.0
33.43263238636365
54.46895148437501
53.113952633759475
52.501776686789775
51.69923167613637
50.650163849431806
49.82737657995474
49.52351846590909
49.08806377840909
48.87403650568182
48.80369112215909
30.766441122159087
0.0
22.279023672762783
25.430267990944603
31.794665986032193
28.40500296963778
32.05627421875
29.494554846473537
32.97631954900568
32.911666956676136
32.87567199041193
24.68168660629735
36.015954154829544
34.12562315340909
35.20964813565341
36.81956567826705
34.73016004971591
32.227046946022725
15.836780313387784
15.427367427201705
24.07621804865057
23.76377750799006
24.63545006214489
24.92427633167614
27.94554080255682
33.00449261363636
37.44221019176136
37.54206537642045
37.689341796875
37.63498245738637
35.271380486505684
37.43018480113637
37.50656697443181
37.84972531960228
38.09918860085227
38.23117109374999
38.027987677556816
37.89831729403409
37.74103231534091
37.65238029119318
34.01160951704545
36.979185014204546
34.96916439985795
31.829837375710223
26.222265522904824
25.318917666903406
26.951930175781243
31.861890678267045
28.406606529651985
34.152056711647724
33.77173794389204
32.67026022727273
32.97573181818182
32.943601633522725
33.26084307528409
21.29636337002841
0.0
0.0
0.0
0.0
0.0
33.271167862215925
54.41371553622161
53.09873164062501
52.42294850852272
52.03867652698863
51.179822088068185
50.854407208806826
50.62221214488636
50.66020720880681
50.765822656249995
50.56308931107955
50.91837352627841
50.910789417613636
31.967250816761364
19.834731371330495
31.0345640181108
32.73739025213069
33.295112837357955
20.704381782670456
0.0
0.0
0.0
0.0
0.0
33.87257205255681
55.00860455078124
53.59121757812502
52.83109921875
52.35218682528409
51.726386612215904
51.10611058238636
50.2942287286932
49.82857861236285
49.9353747159091
49.91471175426136
49.82846285511364
50.12764410511364
31.129033274147726
15.891866619318181
28.929540625
32.30209323508523
35.13642107599431
22.60877588778409
0.0
0.0
0.0
0.0
0.0
34.507937038352274
57.33031486328125
55.083265078124995
54.589408061079546
53.656679758522735
53.09739818892049
52.126320732717794
51.53108171164774
50.734776953125
50.515763707386355
50.52542826704548
50.716334588068186
50.893951455965926
31.39008838778409
20.729852201704546
34.312903019945544
36.03378996803977
38.32608405539772
23.62584141808712
0.0
0.0
0.0
0.0
0.0
34.65655245028409
58.334759978693185
55.80869751420455
55.392274680397755
54.612682510653414
53.61323845880682
52.732936328125
53.28406175426137
53.158388387784086
53.19243622159092
53.149498863636374
53.70060564630682
53.4990930752841
36.35105661399146
35.515461647727264
39.14365994318182
39.027338979640156
39.289746661931815
24.591162251420453
0.0
0.0
0.0
0.0
0.0
33.73574953835228
46.429418714488634
57.78939999999999
57.79643813920454
56.88795000000002
55.77842943892045
55.30739158380682
54.46609272017045
54.38245166903409
54.134475461647725
54.22350596590909
52.71491537642046
50.90278824573864
36.27228666548296
35.32825621448864
39.915355699573865
42.3259776278409
44.497673419744324
44.551648597301124
46.53326061789772
45.0387755859375
46.87149243607955
46.72115575284091
46.818445632102275
47.06073636363636
47.421064098011364
47.57970365767046
47.573397940340904
42.73788670099431
36.18565550426137
26.96166790660511
31.866376047585224
29.233584699041195
27.776641424005685
31.776298467092797
28.07489952059659
31.164584197443183
30.160620467862216
36.23546156782669
33.07775470525567
32.100960715553974
30.696686088423295
29.45539071377841
32.06369604048295
30.847761496803972
31.210632643821032
31.775699698153414
31.99057197709517
32.59684575195312
32.50389549005681
32.07461400923295
31.613688130326697
32.67597109375
29.408192644708812
30.14442893288352
26.030004430042617
24.298323606178982
27.58907898615056
26.581638911576707
30.00147064098013
31.79239048295455
33.04810644975142
34.71482684659091
35.93945681818182
35.051714701704554
31.52110360440341
31.474459667968755
31.623604933120262
28.480662877308237
32.3870726118608
31.55557045010653
30.486798552911942
48.19605010653409
54.36406164772727
53.51789364346591
52.82379545454546
52.561667400568176
52.23962194602273
52.08069744318182
51.57489957386363
51.487209410511376
47.68831274857955
49.80099559659091
47.48458618607954
47.32912418323863
30.047519744318194
0.0
0.0
0.0
15.969185369318183
20.353509561434656
14.20444038085938
24.526124644886366
28.935669775390632
26.662034188565347
31.497537460049717
37.690114732777005
52.69115223721594
52.604188778409096
51.97791345880682
51.58112908380683
50.93093288352272
48.78324183238636
48.38341273082387
46.46928449928976
46.30872974076704
44.28985305397726
46.26484112215908
43.977103515625004
29.910441672585225
0.0
0.0
0.0
0.0
18.176202787642044
20.65699389204546
24.23561336115057
30.496678897372167
26.944996138139206
27.813880007102274
37.960619375887774
52.3464965909091
55.39363348721592
53.040244602272736
52.82863497869318
52.197408650078366
51.49404975142044
47.14053689630682
47.07789414062499
46.26025344460228
47.78367974076705
49.39777755681817
49.39347780539772
30.043707421875002
0.0
16.684676917613636
24.728775803444595
33.447234019886366
34.07359383877841
34.88281598011364
36.80279673295455
36.97812560369318
38.55651072443181
38.653614453124995
48.55906669034091
54.242491938920445
54.95937247869319
54.447229048295455
53.217337109374995
51.941457563920444
50.95008909801136
48.76306825284091
47.1351282315341
44.83435449218749
44.684448011363635
47.001977414772725
49.03409286221591
30.089499254261362
0.0
7.190010893110796
25.588482262073864
31.828743164062498
33.591444779829544
35.20080880681818
36.83516551846592
37.19312363281251
38.55617173295454
38.716693465909096
48.799515980113625
54.49805838068182
54.6229317471591
54.3811180752841
52.99773089488636
51.837384765625
50.88360291193181
48.21817901278409
44.29850710227273
43.39474833096591
41.91535511363637
41.39769446022727
43.239298100142044
26.219906835937504
0.0
0.0
14.410148579545462
20.634436976207382
32.98041986860795
26.93455692471591
32.765328142755685
28.01882425426136
27.521958389559657
31.088596910511363
32.40893995916193
32.54145786576704
28.91671024502841
32.75949108664773
7.1600787642045445
0.0
0.0
0.0
0.0
0.0
23.3912660378196
22.566880366654825
31.12311755149148
26.215645356889198
23.015601025390627
24.520790997869316
34.58418581321023
25.683222816051135
33.19992169744318
26.46282707741477
31.998514151278403
26.758219202769894
33.106500390624994
33.12347745028409
33.43311131036932
35.8555987393466
36.08161899857955
33.374554438920455
18.648239648437503
5.354081356534088
14.148204916104406
10.302045037286927
11.20942850674716
14.8554853959517
21.077000932173295
14.583127288263496
21.817807692649144
32.04099247159091
26.749469602272725
35.72055264559659
35.87933716264204
36.24798194247159
37.887562109375
38.01297734375001
38.191297762784096
38.26267585227273
38.50190436789772
38.399636754261365
48.73865951704545
54.29966168323863
54.74271090198865
54.21769627130682
53.10772365056817
51.73782127130682
51.013160901988634
48.6467955965909
47.02401248224431
44.64295511363636
46.184909108664776
48.34598483664772
50.65603259943182
31.017977343749997
0.0
13.936967502663345
26.80091926047585
33.83913496093749
36.51907079190341
36.81252191051136
38.71880635653409
38.70495284090909
38.54187279829546
35.725240340909096
46.777964506392046
54.08383085937499
53.8227911221591
53.481796235795464
53.080667080965924
52.32759045336175
51.71658494318182
51.28877095170455
49.52632219460227
47.61447908380683
47.80631178977273
47.61659921875
46.975868004261365
30.53434403409091
0.0
0.0
0.0
2.0320605113636363
15.133441601562502
29.88554256036932
31.51636965553978
34.605850781250005
27.278158647017047
34.613273970170454
39.951026615767034
52.8231296875
53.644692862215905
53.25084332386364
54.53332141335227
52.489950106534096
51.21601335227273
49.09729669744319
45.66344465553977
46.36430568181817
46.64772434303977
46.60962668678978
47.38631548295453
30.004527592329545
0.0
0.0
21.008985777698875
31.14284270241478
35.346624129971595
36.216920602509475
36.81795046164773
38.69760256273674
38.86529620620265
38.89621885653409
49.00638091264204
54.85217890624999
55.16908821022727
54.17671839488637
53.288191382575754
52.42272330137311
50.75534953124994
48.49971988636359
46.038850870028426
48.414305930397724
44.80641463068182
45.618810085227295
49.11515571732955
31.873565802556815
0.0
17.90554783380681
26.378349826882115
35.073137730823866
29.490405362215906
27.782052552379263
26.68873318980824
33.53730358664773
35.57883860085227
23.258074041193183
46.5170536221591
51.58930809659089
51.73752553267045
50.888475284090916
49.92805887784091
46.093141992187476
44.10908604403409
43.431708327414775
39.098982297585216
40.79382610085227
42.08311539417614
38.40290235262785
35.0341882368608
23.745328941761365
0.0
0.0
0.0
0.0
0.0
0.0
0.0
24.24154892134233
20.826324085582385
24.54920181107955
33.56333432173296
24.528421013849435
21.579667351740053
25.753562908380683
22.734994886363634
25.75906798650569
8.639661727627837
9.683670134943183
10.354365110085228
16.199487428977275
22.005272780539773
18.793782421875
20.436841810191762
34.50246376065341
31.279083820134943
30.098829110440338
29.11568561789773
27.07025691583807
30.353758061079546
30.471070343572446
29.69754460227273
31.296377112926134
32.33135552201705
32.50375622336648
34.10418698508523
36.38666058238636
37.48623375355114
28.331501282848013
15.64757013494318
13.165240349786929
10.086977095170456
8.964319921875001
9.597150976562501
15.527657590553975
16.354890589488637
24.239193146306818
27.02939833096591
29.793389843749996
29.036904216974428
34.39204664417614
32.67264398082386
27.71794699041193
25.91919444247159
28.60867116477273
30.083362109375003
31.083234499289777
30.699780486505677
26.72301936700994
48.163080237926145
53.17628110013001
52.16685305397728
52.016465589488625
51.395629438920444
50.91344122869318
48.7784375
44.30032475142045
34.857183851207395
36.78335010837088
40.35626805752841
39.902596608664766
44.65151267755682
27.70358133877841
0.0
0.0
0.0
22.5127671875
27.490070161576707
27.00375508256392
24.123181267755683
34.9978951171875
33.894944495738635
33.70898059303977
44.88073039772728
52.90141321022727
53.01600880681818
52.26585234375
51.45570671164773
50.607112713068176
48.59077848011364
46.64857333096591
47.87473767755682
45.4116146484375
39.52487897727272
40.53676883877841
42.92549973366477
28.04347684659091
0.0
0.0
3.9204898659446
13.704808522727273
25.17168099254262
22.697945441228693
27.43934542347301
29.257791277521324
34.71853142755682
33.48303748224431
46.241929048295454
54.22744918323863
53.848745774147716
53.08588022017047
50.97806487926136
41.913012837357954
38.72087481356534
37.128556400923294
39.387013494318175
40.438623916903424
38.75889770951703
45.97484417613635
45.513599112215914
28.540810511363635
0.0
0.0
0.0
0.0
15.913784801136364
18.464688773970163
20.558731449751427
30.135135187322444
28.55507157315341
26.179747647372157
38.18159195667614
52.83689804687501
53.42747649147728
53.06538817471589
47.79426661931818
42.75233815696023
37.713510280539765
33.12943644353693
31.21010215731534
38.10582123579545
31.320138174715908
35.166354287997166
36.72653327414773
22.93041759588068
0.0
0.0
0.0
0.0
0.0
0.0
0.0
17.018081316583803
30.733465189985797
32.671703018465905
42.25324252041903
53.569791406250005
52.59040582386363
52.06864754971593
51.42987990056818
51.492371910511366
46.79807242542611
44.664949094460226
42.79118481889204
41.8820897993608
41.22378316761363
43.04998957741477
39.52855596590908
25.834653178267043
0.0
0.0
0.0
26.589382457386364
35.176212464488636
33.906856525213065
33.49687352627841
38.69532986505682
41.60166006747159
39.419425017755664
41.85853678977273
40.541917560369335
42.14061109730114
29.913452876420457
14.457672798295455
0.0
0.0
13.652364799360795
0.0
6.3154687855113645
11.659658345170454
12.80465713778409
24.06018746892755
27.233094167258525
25.359206840376416
20.6261136274858
26.32315724431818
22.528781862571016
24.347454172585227
21.42344727006392
21.970942360617894
21.319293892045454
25.84309284446023
21.84789221413352
20.138891619318184
17.885590846946023
13.193132825816763
19.651780020419036
0.0
0.0
0.0
0.0
0.0
18.28888100142046
0.0
0.05277590110085228
13.311277894176136
15.70603719815341
10.891619402521307
24.18190933061081
22.053700781249997
17.89769573863636
21.26911095525568
24.27251887428977
29.244421919389197
29.578515784801137
29.722314098011363
22.59815780362216
39.240204394531254
52.51755553977274
51.65253203124999
50.51952322443181
47.33466409801137
37.16950345348012
29.496624502840906
25.73712114701705
31.265548837002836
39.30234712357955
46.5374299893466
49.01538650568182
48.83225564630682
30.062188707386362
0.0
0.0
0.06380577059659091
30.039457848011363
28.512573055752842
27.254531099076704
29.881072389914774
33.9669268643466
33.432173046875
33.138449502840906
45.65385163352273
53.76923196022728
53.29685468750001
51.89946988636363
48.363883416193175
45.1677544921875
44.01705179332387
32.96423513849432
30.892711980646315
36.74103155184659
38.79750241477273
45.23890477627841
46.66934362571022
28.889328267045446
0.0
0.0
0.0
15.784839426491482
21.965804225852274
26.119298486328127
26.47986750710227
25.41831685014205
35.23234982244318
32.43512333096591
45.92068900923295
54.124108380681825
54.02855965909091
53.33058970170452
52.10241029829546
50.801881001420455
48.59351764914773
39.883957274013035
35.27718904474432
45.25801962002838
41.4842346590909
47.24793545809659
48.76298231534092
29.37494190340909
0.0
0.0
0.0
22.460669371448866
27.558108842329545
17.500470392400565
17.69300448774858
25.80802100497159
29.978154354580965
28.904404891690344
44.36693034446023
53.12519073153408
53.142629900568174
52.49290767045455
51.98032070312502
48.68570765269886
44.41554424715909
38.45247249644886
33.38687246537642
32.62513967507102
35.12211976207386
36.23353142755682
39.80945493607955
26.8579973721591
0.0
0.0
0.0
22.806858291903406
28.72204224076704
33.23955456321023
31.14334469992897
29.047325213068177
33.067024343039776
24.417565553977262
43.95940786576704
54.30932162642046
52.85846463068182
52.14063746448864
51.2438614346591
47.292521360085225
39.74704545454546
31.442034818892047
34.39660977450283
32.923812690873575
26.661531760475853
32.52327923473011
38.3287455699574
22.997124400745736
0.0
0.0
0.0
21.51450399502841
30.976036616654827
31.067630761718746
30.909053502308243
31.15659410511364
34.732256036931815
35.651169495738635
33.63076861683239
34.286380504261366
32.08883759321732
23.03966475053267
13.727024707031246
0.0
0.0
0.0
0.0
0.0
0.0
0.0
0.0
0.0
28.85896110617898
21.702893501420455
22.563004847301144
25.032319868607953
27.85409537464488
29.97292777876421
37.20847972301136
34.68610013316763
31.65796262428977
32.280539382102276
30.923964328835233
33.50633242631391
30.816903364701705
0.0
0.0
0.0
0.0
0.0
0.0
0.0
0.0
0.0
0.0
0.0
0.0
0.0
0.0
23.108257581676135
20.16096395596591
19.687434024325285
7.318260906427554
16.516903071732955
9.247222372159092
13.354200443892045
34.88725117187499
52.08631015624999
50.749439133522735
49.743140021306836
45.09093918678978
43.96369371448863
37.40399144176136
27.304791246448875
24.214383065518465
26.537420743075288
26.713685409268464
28.090028105024853
31.903538738458813
20.243128555575286
0.0
0.0
0.0
0.0
0.0
0.0
25.238523135653416
23.614343519176135
20.983437162642044
20.481584108664773
27.465653462357956
50.9626578125
50.50848895596591
49.82639399857954
43.74989183238638
40.28807858664773
37.660696324573856
26.843629660866462
28.05569469105114
22.69123190917969
21.264604097123584
28.735671537642023
31.7310609375
17.066598330965913
0.0
0.0
0.0
0.0
14.539949005681835
21.417822585227274
27.8948831809304
30.5056955078125
33.597598330965916
38.94860660511363
49.39785433238637
55.212317223011375
53.75113224431818
53.10013512073863
51.66601203835227
44.2673084872159
35.543203879616485
33.360419140625005
30.941183185369322
29.862998295454542
39.020030965909086
36.720277547940356
38.80589916548296
25.878246661931804
0.0
0.0
0.0
23.867331929154833
30.62134554332386
37.26676997514205
35.63682638494318
39.770052041903426
37.92684675071023
38.65564914772727
51.69803401988636
55.582340269886366
54.55223227982954
52.83358998579547
48.73643657670456
40.87508529829545
27.455255566406255
24.984808061079548
27.996768106356534
25.533847620738637
25.782160877574572
30.693149662642046
36.702822301136365
24.00460994318182
0.0
0.0
0.0
0.0
25.925294824218746
26.115879973070545
29.64571023615057
32.27235767045455
31.940766290838067
33.58270571732954
47.66408204900569
54.58159815340909
53.673028515624985
52.100784410511366
52.86515522017046
55.62582198153407
50.56341132077782
46.16074426491477
44.522505610795456
39.43962338423295
42.41497658025568
41.56548499644886
38.22816418678977
25.265431569602274
0.0
0.0
0.0
0.0
23.60985736860795
21.86194540571732
26.769308762428977
29.207902161754262
29.98105560635653
31.17073748224432
28.951629589843755
39.207179048295465
32.968631258877835
24.10015700461647
14.491119975142045
0.0
5.604576278409091
1.756897762784091
12.134824751420455
12.775718217329546
17.468689999112215
24.806759126420456
23.665780149147725
24.909581480823864
29.070440358664772
27.422575878906255
24.68426576704545
30.96897737482244
29.257999951171872
26.275305854936075
25.167359357244322
29.735702343750006
25.245495880681815
28.532745272549718
26.643381418678974
26.931980632990054
24.300849813565346
27.57856541193182
18.946763991477287
21.21798426402699
18.15309690607244
18.330752436967323
23.253781516335234
19.684685870916198
13.226609818892046
17.001607861328125
22.416293763316762
22.30834535245027
21.335728453480115
20.92644062943893
20.107180570845173
28.68464414950284
26.714945750824587
32.96023450816761
32.43293312322443
33.12672581676136
34.96149984019887
40.60067452059659
50.45283354048296
55.31615369318181
54.36764456300031
52.71213032670453
50.60743508522728
46.14832602982954
36.4244135209517
31.94361710316051
27.68355157581676
33.3820433371804
25.344494415838074
33.81667742365057
33.02826705433238
21.84392547940341
0.0
0.0
0.0
0.0
0.0
25.088380362215904
32.84190423473013
28.10082805397727
28.372870099431818
30.503458762428973
46.09861742720171
54.698473473011376
53.74864825994319
51.27269708806818
43.41797611860795
29.674720348011366
13.722159947620742
12.818979936079545
14.428659428267053
18.1255539284446
10.989062136008526
16.749902072975853
18.000264288884946
15.188437846235802
0.0
0.0
0.0
0.0
0.0
0.0
28.208648845880678
19.329584059836648
24.445752494673297
30.910337624289774
40.04290794566762
54.31086999289773
52.49896775568182
48.75341081321023
31.179596875000012
20.602266304154828
16.005712260298296
8.022504603160508
12.761812788529829
9.353442147549714
7.229507579456672
18.468413955965907
21.666104785156254
21.727591148792616
0.0
0.0
0.0
0.0
0.0
0.0
0.0
0.0
3.8431811523437545
13.327605877130681
30.95298758877842
52.77221811079546
51.116334872159086
50.53441296164774
50.30040596590909
47.11066557173296
47.88724593394887
41.721796111505675
38.876941743607965
38.94195274325285
35.95845522904829
37.23190264559659
38.843698473011365
21.93431368519176
0.0
0.0
0.0
0.0
0.0
0.0
0.0
20.68765214399859
16.977729612038353
11.571151500355109
42.8149578346946
51.60394964488635
51.89702379261364
50.80768416193182
48.39464186789772
46.25448336292614
43.73990555752841
35.74151263760654
30.037086758700283
33.063192915482944
30.34953429953836
30.114161625532674
36.967751287286944
21.730745756392043
0.0
0.0
0.0
0.0
0.0
18.397087748579537
17.96629566761364
22.18482178622159
21.449475550426147
27.420768958629257
23.899902885298296
23.47488562233666
24.238211567826703
25.53252053444602
21.724978009588064
11.733382785866484
7.468045303622159
0.0
0.0
0.0
0.0
0.0
0.0
0.0
0.0
0.0
0.0
0.0
0.0
0.0
0.0
0.0
0.0
0.0
0.0
0.0
0.0
0.0
0.0
0.0
3.3935758078835234
18.678468412642044
9.791006285511363
13.90604266690341
8.668947691761362
9.257310640092328
16.324715482954534
25.31905808327415
28.06188170276989
29.101286058942165
31.231408868963072
34.18006580255682
33.95400188802084
37.437200905539775
37.4361078125
37.60730102982955
40.23039016335227
40.30077183948863
50.66026853693181
55.06943281249999
54.156582457386364
52.06297737926136
48.00398654119318
29.82259674183239
26.672980371093765
18.034325350674713
26.494377539062498
24.8631291459517
23.410022738370028
28.637499680397728
27.376986732066758
20.41118873401988
0.0
0.0
0.0
0.0
0.0
0.0
19.975340056818194
19.666442729048295
17.886475235262782
23.79304616477273
41.6647027787642
51.89181061789773
51.41694066051136
49.707594318181826
35.541984605823856
26.33085727539062
18.68336909179687
24.5044157248757
25.267716264204548
27.856824307528417
26.78112865323154
26.82448765092329
31.186726571377843
18.724108882279832
0.0
0.0
0.0
0.0
0.0
0.0
0.0
0.0
27.313686536754265
13.201400426136361
43.14445054154829
51.88378160511363
50.677328586647725
50.17382290482954
49.85290237926137
47.470912251420444
45.15168149857954
40.14912594105113
42.12863844105114
37.89541654829546
38.87537416548295
38.29579344815341
36.78136743607954
28.473778560014217
0.0
0.0
0.0
0.0
0.0
18.912427343749997
11.422610813210227
24.854133500532672
17.966023783735793
16.79472832919034
41.20278409090909
51.21555703124999
51.6857981534091
50.55606178977275
47.498195063920456
34.924186097301146
30.850370427911937
28.58592159090909
31.20194216530539
39.575538423295455
41.21330378196023
39.85112402343751
40.56647119140626
25.38441798650568
0.0
0.0
0.0
0.0
0.0
0.0
20.01800449218751
23.5785708540483
25.117057466264203
19.798629021661927
43.04932771661932
52.2973329955201
51.11924094460226
54.43727891385958
53.59133696732954
53.080126171875
48.573113742897725
45.53246841264205
44.12011155894887
42.78974305752842
36.992307563920455
35.91507271839489
37.724825887784085
21.850516894531243
0.0
0.0
0.0
0.0
0.0
19.066069331498582
23.669181787109377
24.183637766335224
36.89832066761363
33.56283987926136
31.965237371271304
25.065544713245743
17.681905317826708
0.0
0.0
0.0
0.0
0.0
0.0
0.0
0.0
0.0
0.0
21.964209747869326
0.0
13.394792134232954
0.0
0.0
15.252244335937498
13.856835422585226
1.4885838281250001
5.842960872395833
15.491725284090906
16.406421779563207
9.080442200816764
14.838501713423302
14.83883437943892
10.77190276988636
11.43220564630682
10.426394431374291
0.0
6.242272247869318
2.6677454900568183
0.0
0.0
12.717615944602272
0.3287500355113636
21.388681130149145
7.4145323242187455
29.982196439985785
23.0523798384233
26.60270736416903
22.613700017755686
21.067405243844703
22.863712535511358
23.17176852805397
22.826249072265625
24.830366894531245
39.32588558238636
51.56176629971591
50.80807173295454
50.034678018465904
49.06482095170454
45.54260392400568
43.96727613636364
37.26743970614347
36.873494424715915
32.45623259055398
33.716556045809654
30.315886456853686
32.17229947620739
21.59278831676136
0.0
6.686776766690335
0.0
0.0
0.0
0.0
0.0
0.0
0.0
0.0
44.68119270241477
50.987730433238646
49.80508196022726
48.84669222301136
49.42515142045454
46.54528371803977
40.44680053267046
34.757251988636376
46.91094794034091
34.15749969815341
29.409444904119315
21.993924955610797
32.80732296697444
21.23579034090909
0.07842945001775564
7.387338705166911
6.330515007990058
17.83759635120739
12.945855237926137
28.98145339133523
22.9839142800071
31.588243106356536
29.81221817737926
28.137747975852268
47.318035369318174
57.41798444602273
57.00113902698863
55.20962031249999
54.00098689630682
50.7567868252841
49.031521129261364
47.36843863636364
52.12581637073863
46.24715314275568
50.7254958096591
33.21982689098011
37.1077327681108
29.76262322443182
0.0
3.1994092085404877
2.1662386230468766
7.741696497691762
7.9014531205610785
17.20607083185369
10.865250372869319
19.627347585227287
20.784829066051135
19.122982173295462
45.9797592418324
56.5943923650568
55.72926860795455
55.263707173295444
55.44305497159091
54.24471931818182
53.13293306107953
41.77609989346592
38.6583686612216
38.544599245383516
34.97297820490058
27.286466863458806
40.321468678977276
26.836613938210224
1.5693274480646304
6.770935879794029
8.699918013139202
9.252668048650566
9.29233089488636
26.81437341974431
27.238977325994316
29.963870601029836
43.66966049360796
42.69031267755682
55.70679788707389
64.07404442471592
63.296063352272725
60.001480930397726
54.121380326704546
40.05454225852273
37.859633895596595
28.817593164062497
26.753181640624998
26.078003315873584
28.292237664240066
28.802425506036933
24.49938534268466
22.59131316583807
0.0
0.0
0.0
0.0
6.0490537109375
1.8714810990767048
2.907278793057529
2.7663589089133516
0.7281714577414768
14.30483712269176
18.63028838778409
24.14161816850142
23.212145241477273
23.497473703835226
25.19069542791193
26.976445596590906
18.687256232244316
16.29235649857954
9.304542045454546
8.702230455433238
0.0
7.271605202414773
13.804993776633518
19.006383704723007
19.88110098987926
20.15450977450284
24.95684158824574
30.674124369673304
29.72442824928978
38.93744713245739
38.2993265003551
40.144609552556815
36.29664328835228
42.363316219815346
40.31949774502841
43.62551777343751
39.44643370028409
24.799834095348015
8.576266841264202
4.153740971235795
0.0
0.0
0.0
0.0
0.0
1.897613285688918
0.0
10.10030056374289
25.237050692471588
19.65573736683238
24.020913707386367
31.64187190163352
29.696566770241464
24.651112393465894
31.4159924050071
34.70607660245028
36.350294509055395
40.08275943270596
52.70294989346591
60.90618206676136
59.36622595880681
57.86285546875001
56.65078430397728
55.033847159090904
49.348543821022716
43.788005415482964
38.49819587180398
33.121848805930405
31.33877277610085
32.673108962180386
37.93800554865056
19.99829744318182
0.0
9.670172425426143
9.276962766335226
9.405318350497158
22.043882040127848
26.76552882634943
41.59945712890626
36.928844731001426
37.213784765625
44.8816362215909
57.84455628995029
65.20948185369319
63.48279943181819
60.29502542613636
56.44346221590911
34.653705335582394
21.37496855246805
23.90875871138139
16.212584446022724
17.04246818847657
19.358385984108665
13.417767755681814
15.91867897727273
13.199846555397722
0.0
6.475973703835223
8.016683655894887
7.936597056995736
8.083992107599432
8.33872880859375
8.82929345703125
21.217591930042616
25.834047438742893
25.921277050781256
52.10075399502839
61.211239311079545
59.92195486505681
57.10255941051136
53.79705901988636
46.838008735795455
37.49757658025568
41.84880174005682
32.68904521928267
33.51239723011363
24.71708148970171
23.53074217418323
25.12489211647727
12.349968132990057
0.2820504106001418
2.4843019975142036
4.251250372869323
3.5854314697265646
3.0239862837357947
3.7743348943536925
25.69592369495738
25.15740316051136
29.999762251420453
28.208452161754266
46.38475699573863
58.34481264204547
55.11237478693181
49.559107333096584
32.52219764293324
16.750556094637787
4.9318227627840905
0.0
0.0
0.0
0.0
0.0
0.0
6.524381820401274
0.0
0.0
0.0
0.0
7.110471568714491
11.86029375
4.069490900213069
6.981371484375
6.129015154474431
1.457819620028409
33.72024272017044
56.89937347301136
55.232839595170454
47.74319797585227
20.169033560458097
11.854938263494319
0.0
0.0
0.0
0.0
0.0
0.0
0.0
0.0
0.0
0.0
0.0
0.0
0.0
0.0
0.0
0.0
0.0
0.0
0.0
0.0
0.0
0.0
0.0
0.0
0.0
0.0
0.0
0.0
0.0
0.0
0.0
0.0
0.0
0.0
0.0
8.573016876775572
16.95036534090909
28.930634872159093
25.21083724254262
24.45107272727273
24.77281490589489
30.628583234197436
30.000156849254264
26.06367546164773
30.464938512073857
2.479294034090909
4.44333916015625
0.0
0.0
0.0
0.0
0.0
0.0
0.0
0.0
0.0
0.0
0.0
0.0
0.0
0.0
0.0
0.0
0.0
0.0
0.0
36.0221868252841
50.784389169034085
51.608097088068185
50.68248668323865
44.400541406250014
31.468351491477275
25.572528278142762
17.669848173384235
14.183545898437501
13.377696360085226
13.47167678444602
6.4519613636363635
17.82687191051136
9.345083860085227
0.0
0.0
12.839354769620025
8.337565385298296
8.357113618607956
8.52182492009943
8.73633627485795
8.815575949928977
8.963446866122158
25.05917587890625
46.707792711292626
56.17681708096591
53.523664133522736
44.536997265625
20.58073047318892
5.291165252130682
0.0
0.0
0.0
0.0
0.0
0.0
0.0
0.0
0.0
0.0
0.0
0.0
0.0
0.0
0.0
0.0
0.0
17.1577995343295
34.702788711825264
51.01534272017046
44.616181995738636
13.012403813032666
0.0
0.0
0.0
0.0
0.0
0.0
0.0
0.0
0.0
0.0
0.0
0.0
0.0
0.0
0.0
0.0
0.0
0.0
0.0
0.0
44.224267720170445
49.492183238636365
43.510748117897734
21.26468900035511
0.0
0.0
0.0
0.0
0.0
0.0
0.0
0.0
3.6957132324218787
0.0
0.0
0.0
0.0
0.0
0.0
0.0
0.0
0.0
24.09071118164063
2.9053853981711635
27.853767595880694
50.28880294744318
49.47486431107954
44.17864018110796
24.036903710937498
15.249185795454547
9.9820162109375
0.0
0.0
0.0
0.0
14.260354634232954
8.339585347123581
13.84059770063921
0.0
0.0
5.568286230468758
6.060903116122151
0.0
0.0
0.0
0.0
0.0
19.910076509232958
27.311253746448855
25.279746595348012
17.736052769886374
3.0427232688210237
0.0
0.0
0.0
0.0
0.0
0.0
0.0
0.0
0.0
0.0
0.0
0.0
18.684600195312502
3.5615246582031204
4.502509255149138
4.097094313742899
17.97633697620738
26.473180264559655
24.55888179154829
28.602872172407668
32.8080199840199
37.72540255237926
22.161061692116476
14.404821839488635
0.0
0.0
0.0
0.0
0.0
0.0
0.0
0.0
0.0
0.0
0.0
0.0
0.0
19.21045390846946
6.02203629705256
7.514104705255682
8.412418860973013
27.72173089044746
23.192879869495734
29.534171147017044
47.931891645951694
58.99264769176136
56.18325308948863
46.95099476207386
22.20968229758523
5.969546704101563
0.0
0.0
0.0
0.0
0.0
0.0
1.181283187588779
4.556306218927556
0.0
0.0
0.0
0.0
0.0
0.0
0.0
21.135741128817468
4.679858655894885
4.3098931951349435
35.29519122869318
57.18761953124999
54.04998227982955
36.40285368430398
12.013407772549716
8.848489719460225
0.0
0.0
0.0
0.0
0.0
0.0
0.0
4.552251025390626
0.0
0.0
0.0
0.0
0.0
0.0
21.392311865234372
0.0
3.5330099076704498
3.1824649702592325
36.859815298739335
56.07632290482956
53.680455930397734
51.628742365056816
45.3598227450284
32.11713269708807
25.76282949662644
14.214435227272729
17.95464059836648
0.0
0.0
0.0
4.6420191273082505
0.0
0.0
0.0
0.0
4.238397327769887
7.620895820756387
3.703741215376421
5.586977920809658
4.722508283025568
4.745747236772016
8.732700452769889
51.30340971235797
59.09048039772726
55.990645596590895
46.825791193181814
19.198637087180398
6.069858160955255
0.0
0.0
0.0
0.0
0.0
0.0
4.299130049272022
0.0
0.0
0.0
0.0
0.0
19.4453742298473
2.848380033735795
0.0
0.0
0.0
0.0
31.024886450935128
57.223401171875
49.329201251775565
40.63793446821734
12.066992515980115
0.0
0.0
0.0
0.0
0.0
0.0
0.0
0.0
0.0
0.0
0.0
0.0
0.0
0.0
0.0
0.0
0.0
0.0
0.0
0.0
0.0
0.0
0.0
0.0
0.0
0.0
0.0
0.0
0.0
0.0
0.0
0.0
0.0
0.0
0.0
0.0
0.0
0.0
0.0
0.0
0.0
0.0
0.0
0.0
0.0
0.0
0.0
0.0
0.0
0.0
0.0
0.0
0.0
0.0
0.0
0.0
0.0
0.0
0.0
0.0
0.0
0.0
0.0
0.0
0.0
0.0
0.0
39.4498393260609
51.11330301846592
50.57693888494316
50.50305447443181
45.95810216619318
42.62173519176136
37.68763682528408
33.76040340909091
29.3573691628196
29.310020951704544
30.966801145241472
27.283678817471593
28.01690371537643
18.18252002840909
0.0
0.0
6.495488201349437
0.0
0.0
2.600906658380681
8.624891375177556
8.702889533025568
28.057860023082398
21.42793350497159
50.0844851340554
60.521611008522726
57.86616949573865
50.86932340198864
28.728186332563926
21.824760344904124
20.299450745738636
10.577592893288351
14.82366288137336
22.905366299715908
14.733605326704543
14.145984619140627
17.67019290660512
11.184293084161931
0.0
6.931825136866715
4.601154170365769
4.30861961780895
4.5074728515625
5.568886878551137
8.100828622159096
22.223212961647732
37.262004327947444
25.18711096413352
53.80265664506392
61.70217389914774
57.45736255233253
49.71863766408699
35.73469491299716
19.246334747869312
19.73104778941761
19.934650803444608
12.699798684548886
15.072628284801135
15.33602945667613
15.31890365767045
14.591149538352273
8.009689719460226
0.0
0.0
0.0
9.277216401811076
7.997195774147736
0.0
0.0
0.0
0.0
0.0
29.750729296875008
53.19652947443183
51.47101358493341
35.606369404799494
30.07279069602273
27.079592999822452
38.32408588423296
32.26110126065342
39.100932652698866
43.02375314275568
41.86736166548297
39.53132235440342
35.64357112926137
24.499931125710226
0.0
5.516143434836656
0.0
0.0
5.581356862571023
6.933760986328122
18.562353950639206
25.887227259410512
23.85470948153409
26.99427530184659
48.02626289950283
58.173385724431846
55.497842933238644
52.745047975852295
46.868363494318174
40.992032439630684
48.17886328125
48.17886328125
48.17886328125
48.17886328125
48.17886328125
48.17886328125
48.17886328125
48.17886328125
48.17886328125
48.17886328125
48.17886328125
48.17886328125
48.17886328125
48.17886328125
48.17886328125
48.17886328125
48.17886328125
48.17886328125
48.17886328125
48.17886328125
48.17886328125
48.17886328125
48.17886328125
48.17886328125
48.17886328125
48.17886328125
48.17886328125
48.17886328125
48.17886328125
48.17886328125
48.17886328125
48.17886328125
48.17886328125
48.17886328125
48.17886328125
48.17886328125
48.17886328125
48.17886328125
48.17886328125
48.17886328125
48.17886328125
48.17886328125
48.17886328125
48.17886328125
48.17886328125
48.17886328125
48.17886328125
48.17886328125
48.17886328125
48.17886328125
48.17886328125
48.17886328125
48.17886328125
48.17886328125
48.17886328125
48.17886328125
48.17886328125
48.17886328125
48.17886328125
48.17886328125
48.17886328125
48.17886328125
48.17886328125
48.17886328125
48.17886328125
48.17886328125
48.17886328125
47.97385926846591
38.698339026988634
23.63976999289773
22.276324573863636
13.370588547585227
8.554004740767045
0.0
0.0
0.0
0.0
0.0
0.0
0.0
0.0
0.0
0.0
0.0
0.0
0.0
0.0
0.0
0.0
0.0
34.07723858975498
17.713529543235087
21.825356676136373
10.451620578835229
0.0
0.0
0.0
0.0
0.0
0.0
9.355414404296871
0.0
0.0
0.0
0.0
0.0
0.0
0.0
0.0
0.0
0.0
0.0
0.0
0.0
52.46098252618965
51.545580788352275
39.053710777698846
30.781748916903418
9.452749769176137
0.0
0.0
0.0
0.0
0.0
0.0
0.0
2.3534595214843743
0.0
0.0
0.0
0.0
0.0
0.0
0.0
0.0
0.0
13.789975541548294
0.0
39.47574460227273
50.394493963068186
45.71386480823864
25.716229509943194
20.135789204545457
18.298232816938913
8.265130738044508
0.0
0.0
0.0
0.0
0.0
0.5925180963689627
3.5589730379971596
0.0
0.0
0.0
0.0
0.0
0.0
0.0
0.0
0.0
13.978088498757105
38.12210330255682
48.354575
43.91234330610796
31.3232170143821
14.49968979492187
0.4066417613636364
0.0
0.0
0.0
0.0
0.0
0.0
0.0
0.0
0.0
0.0
0.0
0.0
0.0
0.0
0.0
0.0
0.0
0.0
0.0
0.0
0.0
0.0
0.0
0.0
0.0
0.0
0.0
0.0
0.0
0.0
0.0
0.0
0.0
0.0
0.0
0.0
0.0
0.0
0.0
0.0
0.0
0.0
0.0
0.0
0.0
0.0
0.0
0.0
0.0
0.0
0.0
0.0
0.0
0.0
0.0
0.0
0.0
0.0
0.0
0.0
0.0
0.0
0.0
0.0
0.0
0.0
38.522297473144526
46.121573259943176
31.626688245738638
16.084843789950284
0.0
0.0
0.0
0.0
0.0
0.0
0.0
0.0
0.0
0.0
0.0
0.0
0.0
0.0
0.0
0.0
0.0
0.0
0.0
0.0
12.106475507007945
0.25123215553977274
0.0
0.0
0.0
0.0
0.0
0.0
0.0
0.0
0.0
0.0
0.0
0.0
0.0
0.0
0.0
0.0
0.0
0.0
0.0
0.0
21.997555234319503
1.6814440806995739
33.53183157848011
51.5795287997159
28.43320401278409
1.9487811434659092
0.0
0.0
0.0
0.0
0.0
0.0
0.0
0.0
0.0
0.0
0.0
0.0
0.0
0.0
0.0
0.0
0.0
0.0
21.00555991183194
4.222895867365055
33.27086741832385
52.17431534090908
31.018796377840907
17.680283451704543
0.0
0.0
0.0
0.0
0.0
0.0
0.0
0.0
5.86948774414062
0.0
0.0
0.0
0.0
0.0
0.0
0.0
0.0
0.0
0.0
0.0
41.20589729225853
44.788243483664765
37.92842306463068
34.745769362571025
26.056181622869328
12.852850368430394
1.350642862215909
0.0
0.0
0.0
0.0
0.0
0.0
0.0
0.0
0.0
0.0
0.0
0.0
16.78099929088246
2.695392178622154
0.0
0.0
0.0
0.0
0.0
0.0
0.0
0.0
0.0
0.0
0.0
0.0
0.0
0.0
0.0
0.0
0.0
0.0
0.0
0.0
0.0
7.566707479580964
17.36914009232955
3.9485418212890626
17.4923892800071
16.085810453657672
12.098655393288352
24.439281369850857
0.0
0.925492280717329
0.0
0.0
0.0
0.0
0.0
0.0
0.0
0.0
0.0
0.0
0.0
0.0
0.0
0.0
0.0
0.0
0.0
0.0
0.005917224121093745
17.53306154119319
6.1153353315873575
30.081826828835244
52.32312702414772
44.32884469105114
16.837906864790483
5.832997114701704
0.0
0.0
0.0
0.0
0.0
0.0
0.0
0.0
0.0
0.0
0.0
0.0
0.0
0.0
0.0
0.0
0.0
0.0
0.0
41.29075454767401
49.41033828125
35.525798029119315
25.69891515891335
13.955321129261359
8.9574948996804
0.0
0.0
0.0
13.34238494318182
7.317130415482955
0.0
1.2147721479936082
16.274904194779825
0.0
0.0
0.0
0.0
15.763923347611854
0.0
0.0
0.0
0.0
0.0
30.399262242542616
54.07255705661526
46.744817724383665
22.00901288935673
17.545691204279116
12.188661299272018
0.0
17.431549813565343
0.0
15.678254740767045
8.8922005859375
7.353091956676136
12.708531036931818
3.441160830965909
0.0
0.0
6.58260283868963
4.706319469105114
0.0
0.0
0.0
0.0
0.0
17.622736800870026
34.58203084161931
56.666273934659095
52.70539335937499
45.44785424360796
16.914988729580966
5.288416219815345
9.401999196555396
0.0
0.0
0.0
0.0
0.0
5.206748173384245
0.0
0.0
0.0
0.0
0.0
0.0
0.0
0.0
0.0
0.1767192249644882
7.969382333096591
35.114996377840924
48.39943061840504
36.30895486505682
24.048242456054687
5.57011227805398
0.0
0.42762313787286904
0.0
0.0
0.0
0.0
0.0
0.0
0.0
0.0
0.0
0.0
0.0
0.0
0.0
0.0
0.0
0.0
0.0
0.0
0.0
0.0
0.0
0.0
0.0
0.0
0.0
0.0
0.0
0.0
0.0
0.0
0.0
0.0
0.0
0.0
0.0
0.0
0.0
0.0
0.0
0.0
0.0
0.0
0.0
0.0
0.0
0.0
0.0
0.0
0.0
0.0
0.0
0.0
0.0
0.0
0.0
0.0
0.0
0.0
0.0
0.0
0.0
0.0
0.0
0.0
0.0
32.53682959317295
48.13547475142045
36.42104422940341
31.639608078835227
29.475389648437503
24.237407328657675
13.219235242808947
0.0
11.055494495738635
0.0
0.0
2.839041217595882
0.0
0.0
0.0
0.0
0.0
0.0
0.0
0.0
0.0
0.0
0.0
0.0
33.55677704634232
50.221039914772724
43.035828622159094
25.566797367720174
11.869755812766336
8.676165021306817
9.581700337357955
7.844205273437499
11.866224982244319
11.718040660511365
0.0
12.52111566938921
0.27076640403054
14.343177556818182
0.0
0.0
0.0
0.0
0.0
0.0
0.0
0.0
9.336699507279837
4.4917481578480105
38.320600375088794
49.27620127840908
35.91768570667614
14.885564746093745
13.929089195667613
9.600382404119319
0.0
0.0
0.0
2.8867707763671873
0.0
0.0
0.0
1.5817915793678927
0.0
0.0
0.0
0.0
0.0
0.0
0.0
0.0
0.0
0.0
33.86950096768465
41.79489560250947
26.695277889737213
9.79491126598011
2.5986535511363638
0.0
0.0
0.0
6.0379777077414865
0.0
0.0
0.0
1.7744751509232948
1.0210327592329547
0.0
0.0
0.0
0.0
0.0
0.0
0.0
0.0
0.0
0.0
33.96829020774147
48.827928196022725
32.042031480823866
21.538326802201706
7.425005237926135
14.013821626420453
10.846632626065341
0.0
0.0
0.0
0.0
0.0
0.0
0.0
0.0
0.0
0.0
0.0
0.0
0.0
0.0
0.0
0.0
13.095868209561438
0.0
0.0
0.0
0.0
0.0
0.0
0.0
0.0
0.0
0.0
0.0
0.0
0.0
0.0
0.0
0.0
0.0
0.0
21.983528467906602
3.988034343927555
7.2757223765980115
7.22719611150568
7.383367089843748
0.2757750399502845
0.0
0.0
0.0
0.0
0.0
0.0
0.0
0.0
0.0
0.0
0.0
0.0
0.0
0.0
0.0
0.0
0.0
0.0
0.0
0.0
0.0
0.0
0.0
0.0
0.0
0.0
0.0
0.0
0.0
0.0
0.0
0.0
0.0
0.0
0.0
0.0
0.0
0.0
0.0
0.0
0.0
0.0
0.0
0.0
0.0
0.0
0.0
0.0
0.0
0.0
0.0
0.0
0.0
0.0
0.0
0.0
0.0
0.0
0.0
0.0
0.0
0.0
0.0
0.0
0.0
0.0
0.0
0.0
0.0
0.0
0.0
0.0
0.0
0.0
0.0
0.0
0.0
0.0
0.0
0.0
0.0
0.0
0.0
0.0
0.0
0.0
0.0
0.0
0.0
0.0
0.0
0.0
0.0
0.0
0.0
0.0
0.0
0.0
0.0
0.0
0.0
0.0
0.0
0.0
0.0
0.0
0.0
0.0
0.0
0.0
0.0
0.0
0.0
0.0
0.0
0.0
0.0
0.0
0.0
0.0
0.0
0.0
0.0
0.0
0.0
0.0
0.0
0.0
0.0
0.0
0.0
0.0
0.0
0.0
0.0
0.0
0.0
0.0
0.0
0.0
0.0
0.0
0.0
0.0
0.0
0.0
0.0
0.0
0.0
0.0
0.0
0.0
0.0
0.0
0.0
0.0
0.0
0.0
0.0
0.0
0.0
0.0
0.0
0.0
0.0
0.0
0.0
0.0
0.0
0.0
0.0
0.0
0.0
0.0
0.0
0.0
0.0
0.0
0.0
0.0
0.0
0.0
0.0
0.0
0.0
0.0
0.0
0.0
0.0
0.0
0.0
0.0
0.0
0.0
0.0
0.0
0.0
0.0
0.0
0.0
0.0
0.0
0.0
0.0
0.0
0.0
0.0
0.0
0.0
0.0
0.0
0.0
0.0
0.0
0.0
0.0
0.0
0.0
0.0
0.0
0.0
0.0
0.0
0.0
0.0
0.0
0.0
0.0
0.0
0.0
0.0
0.0
0.0
0.0
0.0
0.0
0.0
0.0
0.0
0.0
0.0
0.0
0.0
0.0
0.0
0.0
0.0
0.0
0.0
0.0
0.0
0.0
0.0
0.0
0.0
0.0
0.0
0.0
0.0
0.0
0.0
0.0
0.0
0.0
0.0
0.0
0.0
0.0
0.0
0.0
0.0
0.0
0.0
0.0
0.0
0.0
0.0
0.0
0.0
0.0
0.0
0.0
0.0
0.0
0.0
0.0
0.0
0.0
0.0
0.0
0.0
0.0
0.0
0.0
0.0
0.0
0.0
0.0
0.0
0.0
0.0
0.0
0.0
0.0
0.0
0.0
0.0
0.0
0.0
0.0
0.0
0.0
0.0
0.0
0.0
0.0
0.0
0.0
0.0
0.0
0.0
0.0
0.0
0.0
0.0
0.0
0.0
0.0
0.0
0.0
0.0
0.0
0.0
0.0
0.0
0.0
0.0
0.0
0.0
0.0
0.0
0.0
0.0
0.0
0.0
0.0
0.0
0.0
0.0
0.0
0.0
0.0
0.0
0.0
0.0
0.0
0.0
0.0
0.0
0.0
0.0
0.0
0.0
0.0
0.0
0.0
0.0
0.0
0.0
0.0
0.0
0.0
0.0
0.0
0.0
0.0
0.0
0.0
0.0
0.0
0.0
0.0
0.0
0.0
0.0
0.0
0.0
0.0
0.0
0.0
0.0
0.0
0.0
0.0
0.0
0.0
0.0
0.0
0.0
0.0
0.0
0.0
0.0
0.0
0.0
0.0
0.0
0.0
0.0
0.0
0.0
0.0
0.0
0.0
0.0
0.0
0.0
0.0
0.0
0.0
0.0
0.0
0.0
0.0
0.0
0.0
0.0
0.0
0.0
0.0
0.0
0.0
0.0
0.0
0.0
0.0
0.0
0.0
0.0
0.0
0.0
0.0
0.0
0.0
0.0
0.0
0.0
0.0
0.0
0.0
0.0
0.0
0.0
0.0
0.0
0.0
0.0
0.0
0.0
0.0
0.0
0.0
0.0
0.0
0.0
0.0
0.0
0.0
0.0
0.0
0.0
0.0
0.0
0.0
0.0
0.0
0.0
0.0
0.0
0.0
0.0
0.0
0.0
0.0
0.0
0.0
0.0
0.0
0.0
0.0
0.0
0.0
0.0
0.0
0.0
0.0
0.0
0.0
0.0
0.0
0.0
0.0
0.0
0.0
0.0
0.0
0.0
0.0
0.0
0.0
0.0
0.0
0.0
0.0
0.0
0.0
0.0
0.0
0.0
0.0
0.0
0.0
0.0
0.0
0.0
0.0
0.0
0.0
0.0
0.0
0.0
0.0
0.0
0.0
0.0
0.0
0.0
0.0
0.0
0.0
0.0
0.0
0.0
0.0
0.0
0.0
0.0
0.0
0.0
0.0
0.0
0.0
0.0
0.0
0.0
0.0
0.0
0.0
0.0
0.0
0.0
0.0
0.0
0.0
0.0
0.0
0.0
0.0
0.0
0.0
0.0
0.0
0.0
0.0
0.0
0.0
0.0
0.0
0.0
0.0
0.0
0.0
0.0
0.0
0.0
0.0
0.0
0.0
0.0
0.0
0.0
0.0
0.0
0.0
0.0
0.0
0.0
0.0
0.0
0.0
0.0
0.0
0.0
0.0
0.0
0.0
0.0
0.0
0.0
0.0
0.0
0.0
0.0
0.0
0.0
0.0
0.0
0.0
0.0
0.0
0.0
0.0
0.0
0.0
0.0
0.0
0.0
0.0
0.0
0.0
0.0
0.0
0.0
0.0
0.0
0.0
0.0
0.0
0.0
0.0
0.0
0.0
0.0
0.0
0.0
0.0
0.0
0.0
0.0
0.0
0.0
0.0
0.0
0.0
0.0
0.0
0.0
0.0
0.0
0.0
0.0
0.0
0.0
0.0
0.0
0.0
0.0
0.0
0.0
0.0
0.0
0.0
0.0
0.0
0.0
0.0
0.0
0.0
0.0
0.0
0.0
0.0
0.0
0.0
0.0
0.0
0.0
0.0
0.0
0.0
0.0
0.0
0.0
0.0
0.0
0.0
0.0
0.0
0.0
0.0
0.0
0.0
0.0
0.0
0.0
0.0
0.0
0.0
0.0
0.0
0.0
0.0
0.0
0.0
0.0
0.0
0.0
0.0
0.0
0.0
0.0
0.0
0.0
0.0
0.0
0.0
0.0
0.0
0.0
0.0
0.0
0.0
0.0
0.0
0.0
0.0
0.0
0.0
0.0
0.0
0.0
0.0
0.0
0.0
0.0
0.0
0.0
0.0
0.0
0.0
0.0
0.0
0.0
0.0
0.0
0.0
0.0
0.0
0.0
0.0
0.0
0.0
0.0
0.0
0.0
0.0
0.0
0.0
0.0
0.0
0.0
0.0
0.0
0.0
0.0
0.0
0.0
0.0
0.0
0.0
0.0
0.0
0.0
0.0
0.0
0.0
0.0
0.0
0.0
0.0
0.0
0.0
0.0
0.0
0.0
0.0
0.0
0.0
0.0
0.0
0.0
0.0
0.0
0.0
0.0
0.0
0.0
0.0
0.0
0.0
0.0
0.0
0.0
0.0
0.0
0.0
0.0
0.0
0.0
0.0
0.0
0.0
0.0
0.0
0.0
0.0
0.0
0.0
0.0
0.0
0.0
0.0
0.0
0.0
0.0
0.0
0.0
0.0
0.0
0.0
0.0
0.0
0.0
0.0
0.0
0.0
0.0
0.0
0.0
0.0
0.0
0.0
0.0
0.0
0.0
0.0
0.0
0.0
0.0
0.0
0.0
0.0
0.0
0.0
0.0
0.0
0.0
0.0
0.0
0.0
0.0
0.0
0.0
0.0
0.0
0.0
0.0
0.0
0.0
0.0
0.0
0.0
0.0
0.0
0.0
0.0
0.0
0.0
0.0
0.0
0.0
0.0
0.0
0.0
0.0
0.0
0.0
0.0
0.0
0.0
0.0
0.0
0.0
0.0
0.0
0.0
0.0
0.0
0.0
0.0
0.0
0.0
0.0
0.0
0.0
0.0
0.0
0.0
0.0
0.0
0.0
0.0
0.0
0.0
0.0
0.0
0.0
0.0
0.0
0.0
0.0
0.0
0.0
0.0
0.0
0.0
0.0
0.0
0.0
0.0
0.0
0.0
0.0
0.0
0.0
0.0
0.0
0.0
0.0
0.0
0.0
0.0
0.0
0.0
0.0
0.0
0.0
0.0
0.0
0.0
0.0
0.0
0.0
0.0
0.0
0.0
0.0
0.0
0.0
0.0
0.0
0.0
0.0
0.0
0.0
0.0
0.0
0.0
0.0
0.0
0.0
0.0
0.0
0.0
0.0
0.0
0.0
0.0
0.0
0.0
0.0
0.0
0.0
0.0
0.0
0.0
0.0
0.0
0.0
0.0
0.0
0.0
0.0
0.0
0.0
0.0
0.0
0.0
0.0
0.0
0.0
0.0
0.0
0.0
0.0
0.0
0.0
0.0
0.0
0.0
0.0
0.0
0.0
0.0
0.0
0.0
0.0
0.0
0.0
0.0
0.0
0.0
0.0
0.0
0.0
0.0
0.0
0.0
0.0
0.0
0.0
0.0
0.0
0.0
0.0
0.0
0.0
0.0
0.0
0.0
0.0
0.0
0.0
0.0
0.0
0.0
0.0
0.0
0.0
0.0
0.0
0.0
0.0
0.0
0.0
0.0
0.0
0.0
0.0
0.0
0.0
0.0
0.0
0.0
0.0
0.0
0.0
0.0
0.0
0.0
0.0
0.0
0.0
0.0
0.0
0.0
0.0
0.0
0.0
0.0
0.0
0.0
0.0
0.0
0.0
0.0
0.0
0.0
0.0
0.0
0.0
0.0
0.0
0.0
0.0
0.0
0.0
0.0
0.0
0.0
0.0
0.0
0.0
0.0
0.0
0.0
0.0
0.0
0.0
0.0
0.0
0.0
0.0
0.0
0.0
0.0
0.0
0.0
0.0
0.0
0.0
0.0
0.0
0.0
0.0
0.0
0.0
0.0
0.0
0.0
0.0
0.0
0.0
0.0
0.0
0.0
0.0
0.0
0.0
0.0
0.0
0.0
0.0
0.0
0.0
0.0
0.0
0.0
0.0
0.0
0.0
0.0
0.0
0.0
0.0
0.0
0.0
0.0
0.0
0.0
0.0
0.0
0.0
0.0
0.0
0.0
0.0
0.0
0.0
0.0
0.0
0.0
0.0
0.0
0.0
0.0
0.0
0.0
0.0
0.0
0.0
0.0
0.0
0.0
0.0
0.0
0.0
0.0
0.0
0.0
0.0
0.0
0.0
0.0
0.0
0.0
0.0
0.0
0.0
0.0
0.0
0.0
0.0
0.0
0.0
0.0
0.0
0.0
0.0
0.0
0.0
0.0
0.0
0.0
0.0
0.0
0.0
0.0
0.0
0.0
0.0
0.0
0.0
0.0
0.0
0.0
0.0
0.0
0.0
0.0
0.0
0.0
0.0
0.0
0.0
0.0
0.0
0.0
0.0
0.0
0.0
0.0
0.0
0.0
0.0
0.0
0.0
0.0
0.0
0.0
0.0
0.0
0.0
0.0
0.0
0.0
0.0
0.0
0.0
0.0
0.0
0.0
0.0
0.0
0.0
0.0
0.0
0.0
0.0
0.0
0.0
0.0
0.0
0.0
0.0
0.0
0.0
0.0
0.0
0.0
0.0
0.0
0.0
0.0
0.0
0.0
0.0
0.0
0.0
0.0
0.0
0.0
0.0
0.0
0.0
0.0
0.0
0.0
0.0
0.0
0.0
0.0
0.0
0.0
0.0
0.0
0.0
0.0
0.0
0.0
0.0
0.0
0.0
0.0
0.0
0.0
0.0
0.0
0.0
0.0
0.0
0.0
0.0
0.0
0.0
0.0
0.0
0.0
0.0
0.0
0.0
0.0
0.0
0.0
0.0
0.0
0.0
0.0
0.0
0.0
0.0
0.0
0.0
0.0
0.0
0.0
0.0
0.0
0.0
0.0
0.0
0.0
0.0
0.0
0.0
0.0
0.0
0.0
0.0
0.0
0.0
0.0
0.0
0.0
0.0
0.0
0.0
0.0
0.0
0.0
0.0
0.0
0.0
0.0
0.0
0.0
0.0
0.0
0.0
0.0
0.0
0.0
0.0
0.0
0.0
0.0
0.0
0.0
0.0
0.0
0.0
0.0
0.0
0.0
0.0
0.0
0.0
0.0
0.0
0.0
0.0
0.0
0.0
0.0
0.0
0.0
0.0
0.0
0.0
0.0
0.0
0.0
0.0
0.0
0.0
0.0
0.0
0.0
0.0
0.0
0.0
0.0
0.0
0.0
0.0
0.0
0.0
0.0
0.0
0.0
0.0
0.0
0.0
0.0
0.0
0.0
0.0
0.0
0.0
0.0
0.0
0.0
0.0
0.0
0.0
0.0
0.0
0.0
0.0
0.0
0.0
0.0
0.0
0.0
0.0
0.0
0.0
0.0
0.0
0.0
0.0
0.0
0.0
0.0
0.0
0.0
0.0
0.0
0.0
0.0
0.0
0.0
0.0
0.0
0.0
0.0
0.0
0.0
0.0
0.0
0.0
0.0
0.0
0.0
0.0
0.0
0.0
0.0
0.0
0.0
0.0
0.0
0.0
0.0
0.0
0.0
0.0
0.0
0.0
0.0
0.0
0.0
0.0
0.0
0.0
0.0
0.0
0.0
0.0
0.0
0.0
0.0
0.0
0.0
0.0
0.0
0.0
0.0
0.0
0.0
0.0
0.0
0.0
0.0
0.0
0.0
0.0
0.0
0.0
0.0
0.0
0.0
0.0
0.0
0.0
0.0
0.0
0.0
0.0
0.0
0.0
0.0
0.0
0.0
0.0
0.0
0.0
0.0
0.0
0.0
0.0
0.0
0.0
0.0
0.0
0.0
0.0
0.0
0.0
0.0
0.0
0.0
0.0
0.0
0.0
0.0
0.0
0.0
0.0
0.0
0.0
0.0
0.0
0.0
0.0
0.0
0.0
0.0
0.0
0.0
0.0
0.0
0.0
0.0
0.0
0.0
0.0
0.0
0.0
0.0
0.0
0.0
0.0
0.0
0.0
0.0
0.0
0.0
0.0
0.0
0.0
0.0
0.0
0.0
0.0
0.0
0.0
0.0
0.0
0.0
0.0
0.0
0.0
0.0
0.0
0.0
0.0
0.0
0.0
0.0
0.0
0.0
0.0
0.0
0.0
0.0
0.0
0.0
0.0
0.0
0.0
0.0
0.0
0.0
0.0
0.0
0.0
0.0
0.0
0.0
0.0
0.0
0.0
0.0
0.0
0.0
0.0
0.0
0.0
0.0
0.0
0.0
0.0
0.0
0.0
0.0
0.0
0.0
0.0
0.0
0.0
0.0
0.0
0.0
0.0
0.0
0.0
0.0
0.0
0.0
0.0
0.0
0.0
0.0
0.0
0.0
0.0
0.0
0.0
0.0
0.0
0.0
0.0
0.0
0.0
0.0
0.0
0.0
0.0
0.0
0.0
0.0
0.0
0.0
0.0
0.0
0.0
0.0
0.0
0.0
0.0
0.0
0.0
0.0
0.0
0.0
0.0
0.0
0.0
0.0
0.0
0.0
0.0
0.0
0.0
0.0
0.0
0.0
0.0
0.0
0.0
0.0
0.0
0.0
0.0
0.0
0.0
0.0
0.0
0.0
0.0
0.0
0.0
0.0
0.0
0.0
0.0
0.0
0.0
0.0
0.0
0.0
0.0
0.0
0.0
0.0
0.0
0.0
0.0
0.0
0.0
0.0
0.0
0.0
0.0
0.0
0.0
0.0
0.0
0.0
0.0
0.0
0.0
0.0
0.0
0.0
0.0
0.0
0.0
0.0
0.0
0.0
0.0
0.0
0.0
0.0
0.0
0.0
0.0
0.0
0.0
0.0
0.0
0.0
0.0
0.0
0.0
0.0
0.0
0.0
0.0
0.0
0.0
0.0
0.0
0.0
0.0
0.0
0.0
0.0
0.0
0.0
0.0
0.0
0.0
0.0
0.0
0.0
0.0
0.0
0.0
0.0
0.0
0.0
0.0
0.0
0.0
0.0
0.0
0.0
0.0
0.0
0.0
0.0
0.0
0.0
0.0
0.0
0.0
0.0
0.0
0.0
0.0
0.0
0.0
0.0
0.0
0.0
0.0
0.0
0.0
0.0
0.0
0.0
0.0
0.0
0.0
0.0
0.0
0.0
0.0
0.0
0.0
0.0
0.0
0.0
0.0
0.0
0.0
0.0
0.0
0.0
0.0
0.0
0.0
0.0
0.0
0.0
0.0
0.0
0.0
0.0
0.0
0.0
0.0
0.0
0.0
0.0
0.0
0.0
0.0
0.0
0.0
0.0
0.0
0.0
0.0
0.0
0.0
0.0
0.0
0.0
0.0
0.0
0.0
0.0
0.0
0.0
0.0
0.0
0.0
0.0
0.0
0.0
0.0
0.0
0.0
0.0
0.0
0.0
0.0
0.0
0.0
0.0
0.0
0.0
0.0
0.0
0.0
0.0
0.0
0.0
0.0
0.0
0.0
0.0
0.0
0.0
0.0
0.0
0.0
0.0
0.0
0.0
0.0
0.0
0.0
0.0
0.0
0.0
0.0
0.0
0.0
0.0
0.0
0.0
0.0
0.0
0.0
0.0
0.0
0.0
0.0
0.0
0.0
0.0
0.0
0.0
0.0
0.0
0.0
0.0
0.0
0.0
0.0
0.0
0.0
0.0
0.0
0.0
0.0
0.0
0.0
0.0
0.0
0.0
0.0
0.0
0.0
0.0
0.0
0.0
0.0
0.0
0.0
0.0
0.0
0.0
0.0
0.0
0.0
0.0
0.0
0.0
0.0
0.0
0.0
0.0
0.0
0.0
0.0
0.0
0.0
0.0
0.0
0.0
0.0
0.0
0.0
0.0
0.0
0.0
0.0
0.0
0.0
0.0
0.0
0.0
0.0
0.0
0.0
0.0
0.0
0.0
0.0
0.0
0.0
0.0
0.0
0.0
0.0
0.0
0.0
0.0
0.0
0.0
0.0
0.0
0.0
0.0
0.0
0.0
0.0
0.0
0.0
0.0
0.0
0.0
0.0
0.0
0.0
0.0
0.0
0.0
0.0
0.0
0.0
0.0
0.0
0.0
0.0
0.0
0.0
0.0
0.0
0.0
0.0
0.0
0.0
0.0
0.0
0.0
0.0
0.0
0.0
0.0
0.0
0.0
0.0
0.0
0.0
0.0
0.0
0.0
0.0
0.0
0.0
0.0
0.0
0.0
0.0
0.0
0.0
0.0
0.0
0.0
0.0
0.0
0.0
0.0
0.0
0.0
0.0
0.0
0.0
0.0
0.0
0.0
0.0
0.0
0.0
0.0
0.0
0.0
0.0
0.0
0.0
0.0
0.0
0.0
0.0
0.0
0.0
0.0
0.0
0.0
0.0
0.0
0.0
0.0
0.0
0.0
0.0
0.0
0.0
0.0
0.0
0.0
0.0
0.0
0.0
0.0
0.0
0.0
0.0
0.0
0.0
0.0
0.0
0.0
0.0
0.0
0.0
0.0
0.0
0.0
0.0
0.0
0.0
0.0
0.0
0.0
0.0
0.0
0.0
0.0
0.0
0.0
0.0
0.0
0.0
0.0
0.0
0.0
0.0
0.0
0.0
0.0
0.0
0.0
0.0
0.0
0.0
0.0
0.0
0.0
0.0
0.0
0.0
0.0
0.0
0.0
0.0
0.0
0.0
0.0
0.0
0.0
0.0
0.0
0.0
0.0
0.0
0.0
0.0
0.0
0.0
0.0
0.0
0.0
0.0
0.0
0.0
0.0
0.0
0.0
0.0
0.0
0.0
0.0
0.0
0.0
0.0
0.0
0.0
0.0
0.0
0.0
0.0
0.0
0.0
0.0
0.0
0.0
0.0
0.0
0.0
0.0
0.0
0.0
0.0
0.0
0.0
0.0
0.0
0.0
0.0
0.0
0.0
0.0
0.0
0.0
0.0
0.0
0.0
0.0
0.0
0.0
0.0
0.0
0.0
0.0
0.0
0.0
0.0
0.0
0.0
0.0
0.0
0.0
36.13170540105647
44.04878968394886
28.935754113029706
11.6072413840554
0.0
0.0
0.0
0.0
0.0
2.1156653187144894
0.6036592928799709
0.0
5.8408843860972945
0.0
0.0
0.0
0.0
0.0
0.0
0.0
0.0
0.0
0.0
0.0
36.76146176313922
48.24203089488637
35.99034044744317
25.496855928178267
18.262434752308238
0.0
0.0
0.0
0.0
0.0
0.0
0.9590206720525573
0.0
0.0
0.0
0.0
0.0
0.0
0.0
0.0
0.0
0.0
0.0
0.0
0.0
0.0
0.0
0.0
0.0
0.0
0.0
0.0
0.0
0.0
0.0
0.0
0.0
0.0
0.0
0.0
0.0
0.0
0.0
0.0
0.0
0.0
9.395957257634944
3.1075408114346543
0.0
0.0
0.0
0.0
0.0
0.0
0.0
0.0
0.0
0.0
0.0
0.0
0.0
0.0
0.0
0.0
0.0
0.0
0.0
0.0
0.0
0.0
0.0
0.0
36.15077644597832
48.58563629261364
42.94235459872157
34.16509549893467
27.39934268465909
21.900771029385652
16.642333993252844
15.548649065607242
8.39084053622159
0.0
11.167097469815337
0.0
0.0
13.090891299715908
0.0
0.0
0.0
0.0
0.0
0.0
0.0
0.0
0.0
0.0
34.30722086292614
43.87917895951704
31.1895671253551
21.48595871360085
24.166352800958805
19.18017166193182
4.3505878639914775
10.920676935369316
0.0
0.0
2.2670477738813917
0.0
0.0
0.0
0.0
0.0
0.0
0.0
0.0
0.0
0.0
0.0
0.0
0.0
33.45683883167614
43.42383929332386
32.496651604669744
10.037843212890627
0.0
0.0
0.0
0.0
0.0
0.0
0.0
0.0
0.0
6.6324397660688925
0.0
0.0
0.0
0.0
0.0
0.0
0.0
0.0
0.0
0.0
36.2606946821733
45.144790909090915
32.458670126065336
13.72290418590199
0.0
0.0
0.0
0.0
0.0
0.0
0.0
0.0
3.939393135209507
2.9976705477627834
0.0
0.0
0.0
0.0
0.0
0.0
0.0
0.0
0.0
0.0
36.68812471147017
49.4484395596591
40.7146548828125
21.20572924360795
0.0
0.0
0.0
0.0
0.0
0.0
0.0
0.0
0.0
0.0
0.0
0.0
0.0
0.0
0.0
0.0
0.0
0.0
0.0
0.0
0.0
0.0
0.0
0.0
0.0
0.0
0.0
0.0
0.0
0.0
0.0
0.0
0.0
0.0
0.0
0.0
0.0
0.0
0.0
0.0
0.0
0.0
0.0
0.0
0.0
0.0
0.0
0.0
0.0
0.0
0.0
0.0
0.0
0.0
0.0
0.0
0.0
0.0
0.0
0.0
0.0
0.0
0.0
0.0
0.0
0.0
0.0
0.0
31.300684476843742
23.25603168279475
7.337132946777344
0.0
0.0
0.0
0.5568363769531255
0.0
0.0
0.0
1.8502235817649137
0.0
0.38456681019176087
5.106174343039773
0.0
0.0
0.0
0.0
0.0
0.0
0.0
0.0
0.0
0.0
40.05315459428267
48.05883345170455
38.12599392755682
29.225780619673298
24.508885715553973
20.975343785511367
16.31046024058949
0.0
0.0
0.0
0.0
0.0
4.459184046519883
2.884955335582391
0.0
0.0
0.0
0.0
0.0
0.0
0.0
0.0
0.0
0.0
34.70679465553977
46.05403718039773
35.33598623934659
25.25730537553267
18.30124872159091
17.795765136718746
4.065433296342328
10.392708842329546
11.587067471590908
0.0
0.0
0.0
0.0
0.0
0.0
0.0
0.0
0.0
0.0
0.0
0.0
0.0
0.0
0.0
30.544784628018455
38.934191459517045
24.65696449085583
20.241890742631384
8.010485542436085
12.984970081676135
5.19386875
1.5690242897727273
0.0
0.0
0.0
16.982906977982953
10.271724644886364
15.121448375355113
0.0
0.0
0.0
0.0
0.0
0.0
0.0
0.0
0.0
0.0
39.22712354403411
48.96445031960227
42.34190230823864
31.603052392578125
9.107296147017045
0.0
0.0
0.0
4.942111128373575
0.0
0.0
0.0
0.0
0.0
0.0
0.0
0.0
0.0
0.0
0.0
0.0
0.0
0.0
0.0
0.0
0.0
0.0
0.0
0.0
0.0
0.0
0.0
0.0
0.0
0.0
0.0
0.0
0.0
0.0
0.0
0.0
0.0
0.0
0.0
0.0
0.0
0.0
0.0
0.0
0.0
0.0
0.0
0.0
0.0
0.0
0.0
0.0
0.0
0.0
0.0
0.0
0.0
0.0
0.0
0.0
0.0
0.0
0.0
0.0
20.0842137537176
4.065057490678267
7.5959642933238625
32.1903149325284
53.54347421875
52.109569738399635
40.39608249289772
13.610227281605113
0.0
0.0
0.0
0.0
0.0
0.0
6.941485529119322
0.0
0.0
0.0
0.0
0.0
0.0
0.0
0.0
0.0
0.0
0.0
0.0
36.06915110085225
43.04753462357954
31.529476899857954
28.221734414950287
23.786826562500003
25.778629296875
20.261584188565333
16.171873517400567
10.1187791015625
0.0
11.928173370916193
12.335103737571028
23.534601553622156
7.181044526811082
0.0
0.0
0.0
4.763464084694603
3.922550679154824
1.9139951626864358
0.0
0.0
0.0
0.0
37.91369029208097
48.12392251420454
43.084896218039766
33.48157051669034
29.239841024502848
26.906479066051137
24.825666903409083
13.042755091441762
15.441232776988631
24.029989754971595
13.336213545365768
15.635860964133524
22.2600715731534
11.926338150301847
0.0
0.0
0.0
0.0
0.0
0.0
6.716463436612216
3.9701854936079544
0.0
0.0
38.02373565340908
50.17123256392046
45.317015767045454
38.2647430575284
26.130162180397726
24.823210839843753
14.474888645241471
7.869061860795455
0.0
0.0
8.993070046164773
2.1627228338068183
14.621554252485788
0.0
0.0
0.0
0.0
0.0
0.0
0.0
0.0
0.0
0.0
0.0
34.80037704412288
48.75148384232955
43.34596830610795
26.008696644176133
21.2484236550071
16.409662775213068
0.0
0.0
0.0
0.0
0.0
0.0
22.89623625710229
6.399450812322447
0.0
0.0
0.0
0.0
0.0
0.0
0.0
19.174664635120745
7.119850727982955
6.947707719282669
4.869193004261363
0.25615230823863633
0.0
0.0
0.0
0.0
0.0
0.0
0.0
0.0
0.0
0.0
0.0
0.0
0.0
0.0
2.2053633189808264
18.138448202237218
3.866785677823153
7.131605206853691
2.9896069091796864
7.53837950994318
3.623953218217329
12.221254350142045
21.457736079545455
23.10399596058238
16.25673991477273
4.208185671164773
2.809307120028409
0.0
0.0
0.0
0.0
0.0
0.0
0.0
0.0
0.0
0.0
0.0
0.0
0.0
0.0
6.994702252752128
18.355169380326707
5.438535620117189
7.823397523082386
14.739309996448862
42.0563415216619
57.18094726562499
56.216663210227246
53.06440241477273
35.52942571466619
12.034978311434655
0.0
0.0
14.201669211647728
0.0
0.0
17.967027894176137
13.188514506392046
12.599834983132103
0.0
0.0
0.0
0.0
0.0
0.0
0.0
9.18432535067471
12.697590806995736
7.441145601029828
35.0655565340909
55.376427663352274
54.56461026278408
47.76966477272728
22.577918106356524
6.995748100142046
0.0
0.0
0.0
0.0
0.0
19.830830912642035
13.755152432528407
4.406743616832382
0.0
0.0
0.0
0.0
0.0
0.0
0.0
0.0
10.978793541370734
2.1413798694957396
33.433442613636366
50.7286034090909
51.225101313920476
40.99284312855114
14.566937650923295
0.6169349786931818
0.0
0.0
0.0
13.947614275568183
0.0
15.707837828480114
12.231413432173296
0.0
0.0
0.0
0.0
0.0
0.0
0.0
0.7553893643465909
16.83194393199573
2.5633152521306815
7.16062775213068
34.63814582297585
54.97599719460227
54.356368039772704
48.112310049715916
24.646156685014205
7.293087056107954
0.0
13.152830681818182
8.191842702414773
10.469225712446736
6.374251455965908
15.45893519176136
12.823275852272728
12.302190988991477
0.0
0.0
0.0
5.728829478870742
11.23203412642046
7.175046781782668
7.241132257634945
0.0
0.5335186967329545
2.1589878062855097
31.905725581498583
55.480978302556814
54.179669531250006
48.91453151633523
30.87928980823864
17.272651890980118
8.444229483309659
11.06361141690341
2.184135182883527
3.6653769886363636
13.003708860085226
12.286294353693181
14.890586603338072
6.003168900923296
0.0
0.0
0.0
3.3437345303622164
8.124306982421874
3.5318580455433204
2.986246324573864
1.4707106134588073
0.4543773526278409
4.127917118696732
0.0
0.0
0.0
0.0
0.0
0.0
0.0
0.0
0.0
0.0
0.0
0.0
0.0
0.0
0.0
0.0
0.0
0.0
0.0
0.0
0.0
0.0
11.980370454545444
3.795270617675783
3.7201697287819595
2.658552550159801
0.0
0.0
0.0
0.0
0.0
0.0
0.0
0.0
0.0
0.0
0.0
0.0
0.0
0.0
0.0
0.0
0.0
0.0
0.0
0.0
0.0
0.0
35.81186795987216
50.845126526988636
50.02126285511363
44.25852682883523
34.66422983398437
18.748020787464483
10.7885189009233
10.181558114346592
11.107747616299717
10.798696075994318
0.0
17.056107519531245
12.358096209161932
12.268309303977274
0.0
0.0
0.0
0.0
0.0
0.0
0.0
0.0
0.0
0.0
31.924258753551122
40.72338356558582
25.136905260120738
22.3846480690696
7.486704243607955
0.0
0.0
0.0
0.0
0.0
0.4429369207208809
5.123681995738636
0.0
0.0
0.0
0.0
0.0
0.0
0.0
0.0
0.0
0.0
0.0
0.0
36.83444690163353
38.338719460227274
27.429253302556823
21.8472786443537
15.764251913174723
9.74699540127841
9.667151384943184
11.603973557350855
0.0
0.0
12.508462713068182
0.0
14.838410653409083
12.659899431818179
0.0
0.0
0.0
0.0
0.0
0.0
0.0
0.0
0.0
0.0
37.02601591796874
42.48178236860795
33.2710125
26.918233547141334
27.786114643998573
22.784254707475135
14.770141956676134
8.779414790482953
17.15042256747159
16.616282040127842
14.192555752840912
14.377632990056817
19.071759170809663
6.554062340198863
0.0
0.0
0.0
0.0
0.0
0.0
0.0
0.0
0.0
0.0
37.007309667968734
47.86123881392046
39.6512728515625
33.69346639737217
27.033150062144884
14.34507912153764
10.214864080255682
15.33835282759233
0.0
5.366110369318182
6.410482244318183
3.585600106534091
13.9442552734375
13.590735213955968
0.0
0.0
0.0
0.0
0.0
0.0
0.0
0.0
0.0
0.0
0.0
0.0
0.0
0.0
0.0
0.0
0.0
0.0
0.0
0.0
0.0
0.0
0.0
0.0
0.0
0.0
0.0
6.534741992187502
19.808522310014208
0.0
22.0058384765625
16.148172887073873
16.58282810724432
20.65662733931108
22.000702283824566
26.539113911576703
23.919844841974438
18.34515427024148
0.0
3.578726575816762
0.0
0.0
0.0
0.0
0.0
0.0
0.0
10.72810035511364
11.128566530539775
5.85289521040483
19.257334734552543
9.951618075284092
21.246041614879264
25.72014666193182
22.90435829190341
26.267691295276986
23.37547280273437
24.117044939630684
47.46686724076705
57.97097776988637
57.14096246448864
56.22738267045452
51.46309016335227
42.18348744673295
33.24038324751421
27.031911186079547
25.933881223366473
27.291352867542614
25.85136737837358
27.734505912642046
31.956587832919038
19.517894744318173
0.0
6.174245399058949
3.9709235751065353
2.5411347545277
3.2291899369673303
0.2704492542613636
6.286627330433239
14.894083043323866
20.76454134410511
19.203200923295455
38.147402325994314
59.55811910511364
58.47173229819748
57.808146413352276
55.944605609570914
51.21435607244318
47.60193551136364
39.645172620738634
42.4405204190341
34.49321329900568
42.3631488503196
39.98508854758522
42.331025870028405
25.763249440696026
1.3116265536221545
4.484844005237922
4.149954953835226
0.7078012384588064
7.4872213489879265
2.9465802246093755
8.459883722478695
8.252900443892045
18.98730450550426
12.061504931640627
47.94284964488638
58.164142403017244
57.49667233664774
57.128053267045466
56.62333224431818
54.42782052556818
49.496200461647724
49.578101704545446
49.32428469460228
46.287394051846604
46.17928277698864
45.077032599431824
47.31184486860795
27.525670348011364
1.2547382679332337
4.944289444247173
8.010695965021307
8.369881045809656
8.381493519176136
8.621859818892046
8.521926020951707
27.727238174715918
20.148272578568903
21.325127414772727
51.12565215287643
59.91202780539772
58.88721285511363
58.22091595221185
57.05780397727274
54.956249112215914
52.91369580353644
52.35378934659091
51.10364378551137
49.33342098721591
46.865906107954544
45.33131835937499
46.33761736505682
26.43939341264204
1.9634190962357956
3.7694118674538313
8.205707222123579
8.121172496448866
8.114890713778408
8.148125288529828
8.144932639382102
8.054519109552556
8.244860129616479
26.176312624289775
36.40168761541193
57.54175639204547
56.356087642045445
55.2892459872159
50.596918394886366
47.57296594460227
43.51627270951704
40.57541594460227
35.310383660333805
38.245981161221586
38.79358939985796
37.015857288707394
32.59207400568181
23.52584463778409
4.590930477627837
0.26693110795454544
0.0
0.0
0.0
0.0
0.2783540238813915
7.525962844016333
0.3491117453835227
6.756294926313921
4.972378684303973
13.662086150568173
21.358865789240056
22.390469025213076
13.223093705610795
0.40377041015625004
0.872698455255681
0.0
0.0
0.0
8.741911159446017
3.9305925914417696
26.628522465376417
0.0
20.431154292436084
21.731352050781258
15.637570720880682
13.54277977627841
15.838099325284093
20.446639098011364
23.496557981178977
18.052710120738652
14.425517223011365
15.113079154829547
17.861276944247155
20.183687189275563
21.331408931107955
20.59862590553978
6.644934454900573
14.176157608309655
0.0
1.1320684392755682
0.0
0.0
0.0
0.0
10.582169757634942
0.0
23.540757670454525
14.714735617897729
1.3241070667613637
13.172545663174718
10.347817413884941
13.109105761718746
14.293195729758525
0.0
14.293576775568182
10.62146309037642
38.92858259943183
53.6531203125
52.10270191761363
48.900943430397724
44.55912121803977
42.77450397727272
36.793757670454546
31.584249857954543
28.142619908558242
31.278714706143475
24.837030593039774
27.531252712180393
32.81319038085937
17.036651154119316
0.0
0.0
0.0
0.0
0.0
0.0
0.0
0.0
0.0
0.0
39.91365504261365
52.86148462357955
51.036905588753896
45.524114506392046
39.40524403409092
34.66161930930399
33.60014295099432
27.576615154474435
25.42016790438566
24.91723022904829
24.092685959694606
24.207366237571026
25.970542795632106
18.40474153941761
0.0
0.0
4.463721759588059
0.0
0.0
0.0
0.0
0.0
0.0
0.0
39.77156612215908
51.806136967329536
51.34002649147726
46.20379880914479
39.49895401278409
33.51664984019885
22.25754562766335
20.69593929332386
18.020821701422896
21.06664920543324
19.073343927556817
18.294548508522727
23.00494652432528
13.883726600230824
0.0
0.0
0.0
0.0
0.0
0.0
0.0
0.0
0.0
0.0
39.034677996271306
49.937222052556805
44.01601356534092
36.10175699573864
32.60045361328125
37.54957993607959
21.14823644353696
14.017920387961658
14.652193223987927
21.204148792613633
9.636472804953836
14.509958744673296
21.682707717063213
16.370743776633518
0.0
0.0
0.0
0.0
0.0
0.0
0.0
0.0
0.0
0.0
38.50278089044745
51.2558530184659
48.20843568892046
45.84678765980114
25.824099786931814
17.948080282315342
13.744236891867898
15.268629367897727
9.502031818181818
12.942897798295455
10.84010672940341
17.9159216796875
22.716379829545453
12.764513423295455
0.0
0.0
0.0
0.0
0.0
0.0
0.0
0.0
0.0
0.0
0.0
0.0
0.0
0.0
0.0
0.0
0.0
0.0
0.0
0.0
0.0
0.0
0.0
0.0
0.0
0.0
0.0
0.0
0.0
0.0
0.0
0.0
0.0
0.0
0.0
0.0
0.0
0.0
0.0
0.0
0.0
0.0
0.0
0.0
0.0
0.0
0.0
0.0
0.0
0.0
0.0
4.941620844476874
37.44278197798293
10.237216352982953
0.5403697443181819
12.666980721768464
2.0987889204545453
18.873283842329553
30.362298135653404
53.60549524147727
51.399437109375
48.25850035511364
40.94186099076705
30.63148725142045
24.32080707120028
21.008138489879254
17.88905309392757
27.084468465909097
20.09967826704545
27.77289173916904
21.006588849431804
22.42162029474432
0.0
0.0
0.0
4.356864009232954
3.7749900213068175
0.0
0.0
0.0
10.317393991921165
2.2206476873224434
31.111420929509958
53.68648681490383
52.54250458096592
42.21551940696023
28.90618185369318
18.394069107333088
15.885726267311792
14.731940758167617
18.6175755859375
20.002754026100853
23.34506688565341
25.739946084872166
25.785481578480116
18.930429589843754
0.0
0.0
4.078035777698863
2.2892358664772683
0.0
8.014244841974431
2.1681063476562543
14.129679279119323
0.0
16.161726307262075
34.6805143199574
53.52986182528409
51.70662212357956
45.82819948508523
42.35318939985795
39.8123341570337
34.735643172940335
31.208230601917617
30.384564754971596
30.209141399591626
23.859409166370735
27.89667253196023
29.55821344327059
9.696983831232238
0.0
0.0
0.0
9.705815585049718
0.0
0.0
0.0
0.0
0.0
0.0
38.837075532670454
50.61030557528409
48.60666197528899
40.70652068747592
23.240345494495738
14.389024913758119
18.967421812855115
20.0630210715554
15.290289160156265
18.07924008789063
17.31772461603338
17.93849156161223
20.384536692116477
17.43789231178977
0.0
4.615881840376433
0.0
3.743790602805399
2.473278360262785
0.0
0.2614975319602273
0.0
0.0
1.382517560369318
37.11238453480114
55.354778515624965
53.929459303977275
46.83846125710227
39.311460085227274
30.851924573863638
25.49179591619318
23.455532031250005
21.057246164772724
22.42516608220882
22.823440358664776
25.292690771484374
34.61574138849432
15.948267733487217
0.0
0.0
0.0
0.0
0.0
0.0
0.0
19.17711798650568
0.0
12.151767276278408
14.820461550071018
13.185574786931817
13.205033336292614
13.130626957563921
0.7535010808771309
0.0
0.0
0.0
0.0
0.0
0.0
1.825346719637782
22.328008931107956
11.018043696732956
12.965713813920456
16.40204813565341
17.29555669389205
18.004513227982955
13.62338643022017
10.024513995916193
22.517231068004264
20.085192755681817
27.431004074928975
27.0178510209517
27.595411718749997
34.121255566406255
28.06934896129263
18.42502453835227
4.4988608398437595
0.0
0.0
0.0
0.0
0.0
0.0
6.525293377130681
3.9211905095880684
23.631363796164763
10.008545703125
22.592756090198865
17.601112952769892
0.22097368607954546
25.277715531782675
17.38006590909091
22.620142542613635
18.757758655894886
26.166192520419035
25.36823163174715
41.33062191938921
58.187106676136366
58.65920818230798
56.424034375
46.01817674005682
41.17736225142044
37.75746432883523
31.267354359019883
27.310126007634945
25.94640569069603
26.970275301846588
29.93788743341619
39.71801416903409
22.562871617542616
0.0
2.4108026722301066
3.1472308482777076
6.971753060635653
8.15430623224432
8.192678475674718
18.857985742187495
13.64119783380682
24.27391534978693
29.509621182528402
47.49332816051135
59.729095596590916
58.52403590198864
56.749439701704546
55.16155202414773
44.49092334872158
38.58955373757103
35.02635374644887
30.818354705255683
28.419383527166193
31.27269613813922
28.512520583274146
36.00325577059659
22.89509412286932
0.0
0.0
0.0
0.0
1.1288103870738637
5.787939597389916
3.7978653986150572
6.189976757812501
0.0
17.063646786221593
33.94602753906251
54.38417943892045
51.543455575284085
43.72801924715909
40.51340461647727
33.90310691139915
34.44545456321023
20.401155741743597
12.5368452903054
30.706043836558944
10.335789630681818
16.917146333451704
19.794199298650565
13.36151748934659
0.0
0.0
0.0
0.0
0.0
0.0
0.0
0.0
0.0
0.0
38.06654784934302
49.38977652698862
40.983823686079546
34.70783793501422
19.726480215731534
10.099842098721592
9.488106782670455
8.351760901988637
0.0
0.0
14.944715482954546
22.82452175071022
8.5354999778054
11.137126669034082
0.0
0.0
0.0
0.0
0.0
0.0
0.0
0.0
0.0
0.0
35.39874302201702
40.555198473011366
25.65106595348012
19.701933682528402
18.62642198597301
9.225089089133522
3.6101199928977277
0.0
0.0
15.126755397727273
1.0234748934659093
9.40699783380682
12.33240743963068
11.581572447620742
0.0
0.0
0.0
0.0
0.0
0.0
0.0
0.0
0.0
0.0
0.0
0.0
0.0
0.0
0.0
0.0
0.0
0.0
0.0
0.0
0.0
0.0
0.0
0.0
0.0
0.0
0.0
0.0
0.0
0.0
0.0
0.0
0.0
0.0
0.0
0.0
0.0
0.0
0.0
0.0
0.0
0.0
0.0
0.0
0.0
0.0
0.0
0.0
0.0
0.0
0.0
0.0
0.0
0.0
0.0
0.0
0.0
0.0
34.12325364366012
44.689302982954544
36.457286594460236
33.775541388494325
22.5102830078125
16.012169278231536
22.80507787420099
14.84504716352983
15.552872718394887
16.00957375488281
17.686451966441755
15.842701194069603
23.46667219904119
17.14450633877841
0.0
0.0
0.0
0.0
0.0
0.0
0.0
0.0
0.0
0.0
34.07196253995028
43.66991889204546
37.73331662360403
46.088982705965904
18.74704220525568
18.780684847745032
18.137073101136984
15.427745152698863
11.859920527787638
10.982302521306819
9.809261192737928
20.677909188565344
11.057699795809663
12.337230433238636
0.0
0.0
0.0
0.0
0.0
0.0
0.0
0.0
0.0
0.0
36.876931121271305
48.72428185369318
37.873593767755686
32.46515443004262
29.22061543412643
25.37393350941051
18.586990076793327
22.00603359375
20.665654210316042
20.891411474609374
21.150265358664775
19.3655163840554
21.29560395063921
13.234384346147008
0.0
0.0
0.0
0.0
0.0
0.0
0.0
0.0
0.0
0.0
36.38592656693891
46.62422006392046
36.160441015625
34.63977405894886
25.198372993607958
13.59727223899148
15.449329039417613
18.444110014204544
16.530131072443183
15.525137571022727
17.874379234730107
15.95685631658381
15.863126214044756
9.17973161399148
0.0
0.0
0.0
0.0
0.0
0.0
0.0
0.0
0.0
0.0
36.111833904474445
43.59717095170454
33.75127351740056
25.80375930397727
23.66562387473367
20.340880255681817
27.950054603160517
20.062504376775575
21.626898473011366
19.440878204900567
17.80183112571023
30.623488449928967
29.97252152432528
16.02796462180398
0.0
0.0
0.0
0.0
8.324796881658376
6.030479836203833
0.0
6.639255666281961
20.11950061257102
12.39845772372159
20.138808354048304
13.739510524680401
10.138613556463069
17.408563907137793
0.6008279052734373
1.6244510298295454
0.0
0.0
0.0
8.335325692471592
0.0
19.784547798295453
7.531549644886363
10.974050577059659
17.53716199396307
0.0
18.850524973366475
20.91403604403409
0.0
10.857783771306817
16.21807740367542
0.0
0.0
0.0
0.0
0.0
0.0
0.0
0.0
0.0
0.0
0.0
0.0
0.0
0.0
0.0
0.0
0.0
0.0
0.0
0.0
0.0
0.0
0.0
0.0
0.0
0.0
0.0
36.79170104148171
50.877473828125
48.17928735795456
42.85702278053977
34.171985236150576
32.10426376953125
25.17164221413352
26.13703123224432
27.415192338423296
25.951001025390624
27.607176988636358
27.925801571377846
27.706311794211658
17.70758778409092
0.0
0.0
0.0
0.0
0.0
0.0
0.0
0.0
0.0
0.0
35.742779270241485
47.4223588778409
38.51443629261364
30.460773952414765
27.29389484197444
19.027194868607957
22.019263334517053
16.324900443892048
21.598337650923295
17.950357679332384
9.771578648792609
16.10191594016335
21.27767699307529
16.545012349076707
0.0
0.0
0.0
0.0
0.0
0.0
0.0
0.0
0.0
0.0
34.62123192471591
45.93732599431819
42.17749222301136
40.99681817294034
27.661834024325284
22.978757084517046
16.19501085759943
17.965409685724435
11.34880999644886
20.999721661931808
26.93989208984375
25.2814274946733
26.10439303089488
18.99895252130682
0.0
0.0
0.0
0.0
0.0
0.0
0.0
0.0
0.0
0.0
36.059495747514205
47.82174549005681
45.221998259943184
38.30831828835227
30.468712678760593
25.62585727982955
24.28765672940341
21.574900488281244
22.723494726562503
27.223651083096584
25.370549587180395
32.449920339133534
26.975626309481537
19.954405078125003
0.0
0.0
0.0
0.0
0.0
0.0
0.0
0.0
0.0
0.0
39.52062085404828
50.80155252130681
50.391634836647725
44.10986047585227
37.97385595259233
37.013181516335216
38.2930145596591
41.29364817116477
36.33528777965199
36.099121031605115
33.17917624289773
36.379080175781255
34.18146696999289
22.510399831321028
0.07198376242897728
5.95934345703125
6.990134916548297
7.757023863636362
7.596674911221592
7.732441628196023
8.169737562144887
7.8625564186789765
25.67245536665483
21.239366397372173
21.021325204190344
20.879682754794032
21.108374795809663
29.262947314453132
22.615433482776993
19.678370321377848
24.14786609552557
20.878685120738634
10.037067879971591
16.69934884588068
22.78574671075994
17.372238356711645
23.992768683416195
29.76278233753551
29.30592540394176
23.24063925337358
34.97488350053267
24.506868297230127
23.464790451882095
32.06779269797585
23.13129426047583
34.58826518110795
28.24849926757813
34.91163989701705
34.80117245649859
37.96804143732245
32.256277499112215
39.22583943536932
27.73390389737216
32.28727412775213
23.79767792524859
14.046270223721603
17.353357643821024
23.121764763849423
18.46487564808239
36.65696040926847
34.0924081409801
31.40666768909801
34.514551060901994
32.93973804154829
41.819182985617886
36.64618392666903
37.37058941317472
29.340105326704546
34.75309749200995
29.072165292080964
32.13028494318182
39.065620578835244
51.86955750177556
62.05427776988636
61.760659339488626
61.493576065340925
60.48772446732955
58.64652421875
57.3818096590909
54.33409687499999
51.42662276278409
50.00920827414773
49.45780589488636
53.527523899147724
54.074466086647746
34.90695799005682
7.151549698153412
10.147341699218744
18.08927030362216
26.87608359818893
23.032246084872153
28.547092134232948
34.85105236594462
34.57117430308949
40.87380406605114
38.24005996981534
48.982552858664796
61.10869840198864
59.46129367897726
58.34754527698863
57.092308025568165
56.050414453125
53.10333824573865
51.22680291193183
51.24471374289772
51.16991235795455
49.74526995738636
50.05801122159091
51.39715578835227
29.90275216619318
3.50972451171875
9.641098322088068
9.468164071377846
9.360186115056818
14.440149334161932
19.655565039062495
18.710209104225854
27.379319571200288
19.227196786221594
25.256180047052563
37.2475021262429
56.56578938210226
55.476541228693186
54.618507670454534
51.26973362926137
48.40974177911932
42.28237194602272
40.69582117808949
41.654942107599425
38.130756125710235
42.07290675603692
40.85440049715909
42.52544626686791
25.2641704190341
1.0119235862038365
6.9700905406604985
8.44370920632102
8.501402796519885
8.382089994673292
8.348905051491476
8.487018306107954
23.514903844105117
19.009775292968754
19.110148810369317
48.0023697265625
59.69025525568181
58.86752844460227
58.68673448153409
57.087192968749996
55.03570717329544
47.6895248046875
48.45740028409091
41.64974508167614
43.3127612837358
42.6465294034091
44.81450924183238
52.04010294744318
30.528727130681816
5.816154696377836
9.884227423650579
10.21311715198864
30.314176606889216
24.58289856178976
29.353309215198866
34.20578844549005
34.89912648703835
38.88280435014204
46.32537199928977
54.19590669389204
64.0538830965909
63.28829605823864
62.5313189275568
60.55059989346592
58.29291218039773
56.56232823153409
51.02904616477272
45.700790873579535
43.71108542258523
47.830014985795465
47.69547599431819
49.75781850142048
33.08426001420453
8.304915926846595
9.443635085227276
9.870047709517046
18.43136524325284
15.879201429332381
18.96886988636364
24.16271653497869
19.466647385475856
19.725056773792616
21.298980881569598
20.15072273171165
27.58470608132103
25.057386399147727
24.50867207031249
20.986718279474427
19.89407057883523
19.03122598100142
23.589352765447448
23.459753817471604
19.902106467507103
22.859725177556825
26.83753598632812
27.95064564985796
21.282222092507098
29.409610231711646
22.608528404651995
22.425942045454548
26.760931378728696
26.6706432084517
23.79657750799005
20.302515744850854
24.39783636363636
19.40877337979403
17.264616086647724
10.924119611150568
16.65356729403409
16.28519990234375
20.15915177556818
5.9097181107954535
14.201276651278409
10.420456986860795
0.0
13.583768536931819
19.9270751953125
7.131699968927554
11.207578124999998
16.342639701704545
5.48272569691051
16.82921480379972
7.579751526988637
20.260740269886362
11.207060671164772
15.715010910866477
22.51806432883523
13.408515314275569
9.692678369140623
11.75101473721591
14.71743565340909
37.02716583806818
53.43243842329545
52.02873391335228
51.25784673295455
48.178771342329554
44.95248080610796
37.600876491477266
41.38470582386364
37.63331062677557
38.85654343039773
37.63802344637783
36.13240624112216
36.19181953125
25.300617373934653
0.0
0.0
0.0
0.0
0.0
0.0
0.0
0.0
0.0
0.0
37.630269495738624
50.28307112926139
51.04023295454545
50.129703977272705
45.05049509943181
42.51585026633522
39.1730763227983
39.564083096590906
34.44532464932528
29.79099000799005
27.83142437855113
27.310948961292617
26.925420607688203
15.575023086825281
0.0
0.0
0.0
0.0
0.0
0.0
4.8901008722478725
5.8213189630681805
0.0
0.0
36.13973304332388
48.861340340909095
49.05841938920455
43.080157492897726
35.53530708451705
30.526518616832387
36.55820853160512
29.240662393465904
25.781841242009943
31.48759042968749
32.679073029119316
30.452758229758512
40.835517693536936
19.945421688565347
1.886867578125001
3.707758649236506
2.502609854403409
0.0
0.0
0.0
0.0
0.0
0.0
0.0
29.647795010653418
52.28767624289774
51.64370149147728
51.25211310369318
45.21646017400568
35.62441777343749
33.5260748934659
28.598950585937477
30.122929536576706
32.45810370205967
29.5811832919034
36.63783608842329
37.137796200284086
27.33419135742187
0.0
6.677880388849432
5.712496639737217
7.4678207297585235
7.4986818803267035
7.512110986328124
5.781461257102275
0.0
0.0
0.0
33.220756693892056
50.98001590909091
50.394390589488644
45.93677029474433
44.36613192471591
37.842308043323854
35.6602271262429
38.273416796875
56.72517869318181
56.56903132102273
51.84655625
46.83576335227272
44.51192691761365
29.982122887073864
2.477751571377841
4.855319460227277
8.10286958451705
7.956718124112215
8.231561829723013
23.22554849964488
19.751821244673298
20.090482750355115
24.177116077769877
16.636598193359365
26.298722780539773
17.718191037819604
18.98897552379261
29.998258784623577
21.64805848721592
10.0338963112571
0.8039300426136363
13.822494158380682
0.0
19.87266439098011
10.50909714133523
23.024959321732954
18.7830601784446
21.22292479137074
18.206339690607255
24.804166876775568
29.521465411931818
23.80021672141335
32.671137136008525
23.806621621981535
35.354887850674714
26.625830970348023
33.09480687144887
22.1095191628196
31.69874266024502
19.548723908025565
22.07956163884943
17.193260085227276
18.68841194957386
7.741340518465909
0.0
0.0
0.0
0.0
0.0
0.0
0.0
33.8441280362216
1.6203970880681817
0.0
15.410360571289063
0.0
0.0
0.0
0.0
0.0
0.0
0.0
39.14707365056818
50.25892155539773
49.55976665482955
48.20257832031248
41.77700085227273
37.33743758877841
28.94744584073154
23.142005573064633
26.431437917258517
23.951545703125
32.07512043235085
32.06868457475142
32.364220179332385
20.141587553267048
0.0
0.0
0.0
0.0
0.0
12.04070177112925
0.0
0.0
0.0
13.030177010830965
32.546714355468744
53.48730845170456
53.02839730113637
51.925342542613656
43.78088384232953
40.9525813565341
35.44838798828125
28.81849837979403
25.682822232333084
25.056541743607955
31.213528653231535
33.23238385120738
31.19840225941051
17.665825936612222
0.0
0.0
0.0
0.0
2.6160028542258544
5.1231660600142
0.0
8.221768883167613
3.3869770640980104
0.7129520729758518
30.06186374289774
52.25039801136365
50.92013366477272
49.71085692471592
45.57541924715909
44.069498011363635
38.32453811257103
32.83314347478693
33.0083121759588
32.55686878551136
37.89345563742897
40.75790298295455
48.15981835937498
30.447221963778414
2.607019819779821
9.114662215909094
8.702670525568182
8.660137304687503
21.64459191228693
28.613351686789773
26.86271147682884
27.535468286132815
35.263564692826705
32.23039373224432
51.97358745117188
60.787723117897734
59.85186324573862
59.114779083806816
58.50086711647726
55.60578114346592
48.09402395241477
43.93939746093749
51.859764985795465
47.175849183238626
44.812498810369334
49.66042198153409
51.72282844460226
32.47331040482955
4.9645335227272716
9.330916832386363
9.526276606889205
19.84903776633523
18.46490415926846
28.062769300426133
18.77237082075639
19.206287016157674
26.30709589399858
19.134112384588068
35.65478092595881
55.92403998579546
54.18689183238635
53.78902556818181
50.94600124289773
48.268937091619314
47.061535884232946
43.99032248757103
40.17562855113636
40.53138579101563
45.86770514914773
39.96407292258523
39.74440155362215
24.791473104580962
1.9350049715909046
4.065742251864348
5.6532188543146304
2.5391944935191746
1.6746322021484374
7.766254687500001
7.638329332386365
8.177245166015624
8.426655104758526
20.953254438920457
19.943037375710233
20.951705379971585
22.760473721590913
21.46387626953125
21.684246626420453
20.669001908735797
0.7513246404474423
18.247670410156246
0.0
13.86393604847301
12.028876376065341
10.222178515624998
8.707222230113636
4.380995596590909
18.624240858043326
11.531546715198864
13.256014697265625
17.160615074573876
20.209824671519886
11.30432919034091
16.994209348366482
9.485570880681818
16.1731435546875
10.918974343039773
17.236389169034098
12.378253817471592
16.13491670143821
10.156420354669736
17.481608145419035
19.98784151278409
17.743991051136366
18.38677752130682
17.209139280007104
18.899018745561083
19.087595281427564
24.294389905894885
17.132771262428978
17.799685014204545
26.234375173117904
18.618938343394888
16.44248977272727
19.062501100852273
18.90888481001421
18.48860391956676
16.818117169744323
17.452291290838062
17.254834019886363
17.182302920809658
34.226984463778415
54.374413813920455
53.69920553977273
53.77928007812499
52.95283064630682
48.6482978515625
47.105441601562504
43.54206642400568
43.47887721946022
38.601191832386355
42.486447709517044
44.66031796875001
46.972089950284094
26.95830603693182
1.6277062255859418
6.558575887784081
8.487086106178982
8.808505166903409
9.679604536576699
11.029904296875
20.65235801669034
20.90141295720881
19.036142471590917
18.114520623224426
40.86029558771307
56.519696200284095
55.94112116477274
55.92398327414773
54.67018955965909
51.27826763139203
44.17995390625
37.62215978338068
41.958477130681814
32.48462562144886
38.34195525568182
41.77049816672585
37.57717919034091
23.333791614879264
0.0
0.0
0.0
0.0
0.0
0.0
0.0
0.0
0.0
0.0
38.31421031161221
50.140787393465935
49.52643142755682
45.74029200994318
35.487022508285975
36.39278474786932
25.735455326704543
32.625505206853695
27.264815025745737
27.41406542968749
23.17252083185369
26.813225390624996
28.449916859019883
14.201527163973719
0.0
0.0
0.0
0.0
0.0
0.0
0.0
0.0
0.0
0.0
35.63535755948153
47.34826384943183
36.74395128728693
31.71248753995028
26.55396796875
22.136745392400584
20.726113227982953
12.182934259588068
15.369549609374998
19.028381811523438
16.440478648792613
20.68511577592328
18.91021653941761
8.377464160156249
0.0
0.0
0.0
0.0
0.0
0.0
0.0
0.0
0.0
0.0
36.51449040305398
44.819883984374975
35.40971342329546
30.328513334517048
32.03754521928266
25.698105868252835
22.3871368918679
22.282135182883522
22.020373237748576
19.045335509144174
18.58942856001419
26.33713159179688
19.386396879438916
16.681556076882103
0.0
0.0
0.0
0.0
0.0
0.0
0.0
0.0
13.45046899414062
0.0
0.0
0.0
1.5090111150568182
10.777041796875
0.0
0.0
0.0
0.0
0.0
0.0
0.0
0.0
0.0
0.0
0.0
0.0
0.0
48.12534980468752
9.163470321377837
0.6369114701704546
12.588851580255685
20.97172163973722
0.0
12.346245933948872
19.836371657492897
0.18834767400568184
8.485282919034091
0.0
14.897048437500002
0.0
0.0
0.0
0.0
0.0
0.0
0.0
0.0
0.0
0.0
0.0
0.0
0.0
0.0
0.0
0.0
0.0
0.0
47.48701615767045
37.77189237393466
51.47790031960228
50.77186828835227
49.99469708806817
46.44577112926137
42.22417906605113
36.38475314275567
37.8796931640625
30.704362935014203
31.85289572975853
29.347081298828126
32.16762820933949
34.11046331676136
17.288954070490057
0.0
0.0
0.0
0.0
0.0
0.0
0.0
0.0
0.0
0.0
40.035701429332384
49.5580975497159
47.907052734375
41.60943998579546
31.539120458984375
29.682092533735794
21.237926500355115
14.226448393110797
13.86568678089489
18.96443048650568
25.492477112926142
24.24619763849432
22.78900466530539
18.94774709694603
0.0
0.0
0.0
0.0
0.0
0.0
0.0
0.0
0.0
0.0
39.56845060147372
47.8843297940341
44.00293607954546
35.52686226917614
37.95938147194603
31.856408487215905
31.907523277698864
23.519119367009942
24.10215454545455
29.09732771883879
27.926212433416197
30.04150313387784
36.08690290305398
22.2614554465554
0.029149689275568182
5.5339465198863715
4.367883569335937
2.998758482776989
7.8258963734019895
7.797551256214489
21.369989723899145
13.770662242542612
7.040601171874999
14.664262899502841
38.11517166193184
52.771588210227264
51.49397986505682
50.430184517045454
44.55396372514204
34.6332189453125
22.673437992720178
25.134684681285513
20.92801156782669
25.432460597922578
25.122155661843042
24.906992915482956
31.41392808948864
16.259970916193183
0.0
0.0
0.0
0.0
11.213863454367898
0.0
8.890255308948865
3.6907011696555405
0.0
0.0
29.712228564453138
52.56232752130682
51.36638473011365
50.596818501420465
45.09682153764205
41.517154723011366
40.56494137961648
39.45105907315342
37.78133833007813
31.920738867187502
26.943623947975855
33.76730506480824
22.239118030894886
21.18021338778409
0.0
0.0
0.0
0.0
0.0
0.0
0.0
0.0
0.0
0.0
0.0
0.0
0.0
0.0
0.0
0.0
0.0
0.0
0.0
0.0
0.0
0.0
0.0
0.0
38.189816634854395
15.363784636896316
11.943830404385652
11.279708824573865
14.63758359374999
19.725840829190332
21.189563165838067
12.256897762784092
12.053087517755673
4.709616335227272
18.346397372159092
12.246022194602274
2.914691814630682
17.492889679509947
0.0
0.0
0.0
0.0
0.0
0.0
0.0
0.0
0.0
37.870883132102286
15.432684747869319
14.262379882812501
18.487838085937497
17.82457547274503
21.636110307173297
24.00691644620027
16.946691042258525
28.989069546786208
17.122188028231538
26.4942604403409
39.930838161399144
55.20353746448866
53.60878352272727
53.03665884232954
52.114855859374984
50.68838473011363
44.142833398437496
42.36521851917614
40.51192404119318
38.67609680397727
36.296801012073864
40.30775928622159
41.20773631036932
23.880968359375
0.0
2.8234202969637874
1.528450186434659
3.890455801669033
2.302192083185369
17.228542187499997
6.246635276100855
13.184577485795455
22.047466157670456
21.993097230113634
40.280876895419034
55.43105816761363
54.897560440340904
54.27662112926137
53.10575071022726
48.936377397017054
40.92127826704546
38.09538244850852
30.539688454367898
38.087910458096594
30.335821271306816
30.496247243430393
35.460364413174716
23.440844087357956
0.0
0.0
5.1677242919921875
7.682663170276988
8.057434082031252
8.131671511008525
21.279739115767043
15.489897749467326
20.621243976384946
18.358923868075287
45.00959303977274
57.24617677556816
56.06938050426135
55.702556534090874
55.445432990056794
53.627685795454546
50.346824999999995
46.88107856889205
43.63527093394886
40.90170482954546
44.14229282670454
45.18756518110796
46.85232498224432
28.174408220880682
0.0
6.7592750443892
4.5572777121803965
22.664418132990058
14.375190061257102
17.08077440074574
22.15679051846591
18.45897959872158
22.150299582741475
18.431876793323863
40.06544405628552
53.707817755681816
51.792015767045456
51.24784371448863
48.45255717329546
43.326922460937496
35.517405464311075
41.09966266424006
36.18059495738636
35.075314231179
36.49810276988636
41.88488938210227
47.101370649857955
29.474107990056815
2.048212806285512
4.015743920898437
8.370335049715909
8.205998375355112
