0.0
0.0
0.0
0.0
0.0
0.0
2.1741015151515146
3.241495833333334
6.542631818181818
6.505007575757575
5.761853030303031
3.3452136363636367
1.6606696969696961
0.6338499999999997
0.48560454545454523
0.2737015151515147
2.752042424242423
3.549228787878788
3.2542272727272734
0.5126409090909091
0.17733484848484846
0.0
0.0
0.0
0.0
0.0
0.0
0.0
0.0
0.0
1.9824878787878781
2.3125992424242416
3.7640666666666673
4.266781818181818
3.908521212121212
3.96826818181818
3.7649136363636373
3.628981818181819
2.7870090909090908
2.9973727272727273
3.1132651515151513
3.4738681818181827
3.183343939393939
0.5036560606060605
0.18812121212121208
0.0
0.0
0.0
0.0
0.0
0.0
0.0
0.0
0.0
0.0
0.0
0.0
0.0
0.0
0.0
0.0
0.0
0.0
0.0
0.0
0.0
0.0
0.0
0.0
0.0
0.0
0.0
0.0
0.0
0.0
0.0
0.0
0.0
0.0
0.0
0.0
0.0
0.0
0.0
0.0
0.0
0.0
0.13348333333333348
0.06999242424242423
0.10987121212121219
0.0
0.0
0.0
0.0
0.0
0.0
0.0
0.0
0.0
0.0
0.0
0.0
1.3427893939393938
3.401482222222222
6.374237878787878
6.367828787878787
5.607566666666666
3.3685924242424248
1.618760606060606
0.48029090909090927
0.12283787878787883
0.6517666666666674
2.921730303030303
3.951662121212122
3.0120106060606044
0.4912787878787879
0.1657181818181818
0.0
0.0
0.0
0.0
0.0
0.0
0.0
0.0
0.0
1.3744393939393946
3.869163888888888
6.361998484848485
6.471103030303028
5.828410606060606
5.68681212121212
4.561342424242425
3.054210606060607
2.838298484848485
3.46760909090909
4.11551818181818
4.867769696969697
3.650896969696969
0.4914303030303028
0.17288181818181808
0.0
0.0
0.0
0.0
0.0
0.0
0.0
0.0
0.0
2.222081818181817
2.481804545454546
4.846243939393937
5.617528787878784
4.908095454545454
2.8589530303030304
0.8060772727272725
0.28191545454545464
0.0
0.0
0.6806575757575755
2.9084030303030293
2.8393893939393937
0.47649242424242416
0.164210606060606
0.0
0.0
0.0
0.0
0.0
0.0
0.0
0.0
0.0
4.042389393939394
1.3533962121212115
3.5346939393939394
3.7634060606060618
3.195671212121214
2.7850833333333327
2.2028787878787863
2.8222333333333327
3.658136363636363
1.8950166666666666
1.1540969696969698
2.1252848484848483
2.837418181818182
0.4500530303030301
0.16710454545454534
0.0
0.0
0.0
0.0
0.0
0.0
0.0
0.0
0.0
3.751162121212124
2.6938212121212133
2.177324242424243
3.894563636363635
3.2943909090909105
2.9528257575757575
2.858618181818181
2.221924242424242
1.7843848484848481
1.3000409090909082
0.83225
1.2486621212121218
1.6037636363636354
9.438637878787885
3.7593181818181822
2.8077121212121217
0.18937878787878784
0.04428484848484848
0.0
0.0
0.0
0.0
0.0
0.0
0.0
0.0
0.0
0.0
0.0
0.0
0.0
0.0
0.0
0.0
2.1771545454545445
0.9323651515151518
0.2572757575757578
0.008089393939393936
0.0
0.0
0.0
0.0
0.0
0.0
0.0
0.0
0.0
0.0
0.0
0.0
0.0
0.0
0.0
0.0
0.0
0.0
0.0
0.0
0.0
0.0
0.0
0.0
0.0
0.0
0.0
0.0
0.0
0.0
0.0
0.0
0.0
0.0
2.8295983333333354
2.386907575757576
3.5609242424242424
4.295275499884881
3.6041712121212144
4.06201212121212
2.930022727272727
2.6426636363636367
1.5094151515151517
2.4470606060606066
2.057228787878788
2.6059696969696975
2.021025757575757
0.5142409090909091
0.17400757575757575
0.0
0.0
0.0
0.0
0.0
0.0
0.0
0.0
0.0
2.8769866666666686
3.5444185185185195
0.7475575757575755
2.7069075757575765
1.4301924242424244
0.6323803030303028
0.19613030303030313
0.0
0.0
0.03693939393939391
0.6331878787878786
0.9682090909090914
1.347930303030303
0.42298333333333354
0.14486212121212128
0.0
0.0
0.0
0.0
0.0
0.0
0.0
0.0
0.0
3.288851666666667
2.8571045454545465
4.018089393939394
4.671621212121212
4.114893939393939
4.376754545454545
3.5231439393939397
2.675903030303031
4.574681818181816
3.448009090909091
4.293060606060607
3.940809090909091
3.9046742424242438
0.5534030303030304
0.22623484848484843
0.0
0.0
0.0
0.0
0.0
0.0
0.0
0.0
0.0
3.4081575757575746
2.455156111111111
0.8465151515151509
2.888400000000001
2.0880424242424236
1.7827561128526634
0.7961515151515155
1.7162666666666662
1.286775757575757
1.586584848484849
1.5094772727272727
1.65345909090909
1.4951287878787882
0.3804393939393939
0.13810454545454537
0.0
0.0
0.0
0.0
0.0
0.0
0.0
0.0
0.0
3.2495383333333336
2.50800303030303
2.723672727272727
4.089027272727274
3.522622727272727
3.5379939393939384
2.679968181818182
1.9908106060606057
1.621387878787879
1.7446939393939396
1.9157863636363628
2.107
1.9166409090909091
0.43959545454545434
0.14586515151515145
0.0
0.0
0.0
0.0
0.0
0.0
0.0
0.0
0.0
0.0
0.0
0.0
0.0
0.0
0.0
0.0
0.0
0.0
0.0
0.0
0.0
0.0
0.0
0.0
0.0
0.0
0.0
0.0
0.0
0.0
0.0
0.0
0.0
0.0
0.0
0.0
0.0
0.0
0.0
0.0
0.0
0.0
0.0
0.0
0.0
0.0
0.0
0.0
0.0
0.0
0.0
0.0
0.0
0.0
0.0
0.0
0.0
4.428401515151514
3.333468181818182
6.373846969696969
6.360003030303031
6.267850000000004
5.499659090909092
5.207459090909092
5.023562121212121
4.730003030303032
4.85265303030303
5.056987878787879
5.253504545454546
4.435246969696968
0.5362287878787879
0.2066166666666667
0.0
0.0
0.0
0.0
0.0
0.0
0.0
0.0
0.0
4.224601515151517
2.698905833333334
5.940869696969696
6.582136363636365
5.505651515151516
6.023830303030302
5.354378787878788
5.54190303030303
5.309153030303029
5.205446969696968
5.34081212121212
5.39155303030303
4.301686363636365
0.5663000000000001
0.21330606060606058
0.0
0.0
0.0
0.0
0.0
0.0
0.0
0.0
0.0
1.2499608333333334
3.7540984848484844
6.461199999999999
6.479984848484847
5.970048484848485
5.791424242424243
4.703931818181817
4.468589393939394
5.2046333333333346
4.9099818181818184
5.509727272727274
5.525309090909092
4.4474439393939385
0.582951515151515
0.21838030303030298
0.0
0.0
0.0
0.0
0.0
0.0
0.0
0.0
0.0
1.9581800000000011
3.029293939393939
6.001860606060607
6.161239393939394
5.836090909090908
6.01302424242424
5.76468181818182
5.811327272727272
5.895104545454546
5.866666666666669
5.9018848484848485
5.785813636363638
4.342030303030304
0.5452090909090909
0.2020439393939393
0.0
0.0
0.0
0.0
0.0
0.0
0.0
0.0
0.0
1.3031090909090912
4.060157407407407
6.2784454545454516
6.385471223513331
5.941344474153297
6.303726623376625
6.11745349862259
6.125881818181818
6.094824242424244
6.0090893939393935
6.018490909090908
5.944359090909089
4.802789393939392
0.6369515151515155
0.2357030303030303
0.0
0.0
0.0
0.0
0.0
0.0
0.0
0.0
0.0
0.0
0.0
0.0
0.0
0.0
0.0
0.0
0.0
0.0
0.0
0.0
0.0
0.0
0.0
0.0
0.0
0.0
0.0
0.0
0.0
0.0
0.0
0.0
0.0
0.0
0.0
0.0
0.0
0.0
0.0
0.0
0.0
0.0
0.0
0.0
0.0
0.0
0.0
0.0
0.0
0.0
0.0
0.0
0.0
0.0
0.0
0.0
1.3700378787878784
1.471392424242425
2.576156666666666
5.51189375009293
5.40974452214452
5.356536363636365
5.0750681818181835
5.2952893939393935
4.842175757575759
5.137918181818183
4.816530303030304
5.081604545454546
4.924366666666666
3.863978787878787
0.5114621212121213
0.1900227272727273
0.0
0.0
0.0
0.0
0.0
0.0
0.0
0.0
0.0
2.139237878787878
2.800271666666668
5.013438311688313
5.636834848484848
4.983674242424242
5.36360606060606
4.8463742424242415
5.254483333333333
4.3056606060606075
4.3868212121212125
4.591157575757574
4.715480303030305
4.092304545454545
0.5423272727272725
0.20311666666666656
0.0
0.0
0.0
0.0
0.0
0.0
0.0
0.0
0.0
1.9605716666666666
2.5116333333333327
4.5554257575757555
5.34578181818182
4.757630303030301
3.7606560606060624
2.51924696969697
2.7554045454545477
2.006324242424244
2.835700000000001
2.876315151515153
3.1955181818181817
2.9012772727272735
0.5547787878787878
0.2079242424242424
0.0
0.0
0.0
0.0
0.0
0.0
0.0
0.0
0.0
2.1443833333333333
2.7333500000000015
5.2487196969696965
5.666207575757576
5.077027272727271
4.187448484848484
2.0427166666666667
0.6930424242424246
1.828637878787878
2.4293833333333335
3.2829530303030308
3.5698272727272737
3.726709090909089
0.5172863636363636
0.199019696969697
0.0
0.0
0.0
0.0
0.0
0.0
0.0
0.0
0.0
1.2185106060606061
3.369749999999999
5.860877272727273
5.531856060606062
5.047987878787878
4.898827272727272
4.730915921931176
4.637242424242424
4.145156060606059
3.9842242424242404
4.123565151515151
4.5505196969696975
3.624853030303028
0.4386439393939394
0.11134242424242427
0.0
0.0
0.0033106060606060608
0.3249658705701079
0.04675151515151515
0.05617424242424241
0.04171212121212121
0.015089393939393946
0.0934166666666667
0.1487545454545455
0.06052878787878786
0.004836363636363636
0.0
0.03904090909090913
0.13642575757575764
0.16319242424242425
0.18077424242424234
0.11466515151515151
0.0
0.0051090909090909095
0.18517121212121213
0.05736212121212123
0.04190000000000001
0.039031818181818174
0.03783333333333334
0.04739242424242425
1.2011045454545448
0.1824545454545454
0.1252878787878789
0.09294545454545461
0.19452121212121218
0.0785606060606061
0.05367575757575756
0.05243333333333333
0.00883787878787879
0.16293181818181826
0.06672575757575759
0.013192424242424245
0.0
0.021272727272727273
0.04863787878787879
0.03673181818181817
0.0
0.0
0.04231666666666666
0.05151818181818182
0.015186363636363635
0.13428636363636354
0.06883333333333334
0.023877272727272726
0.0
0.0
0.0
0.0
0.0
0.0
0.0
0.40290151515151523
0.42099242424242433
6.387375757575756
5.175493939393942
5.054340909090908
4.933233333333334
5.0136636363636375
4.944357575757575
5.091536363636362
5.147757575757577
5.079325757575756
5.212551515151514
4.059084848484846
0.47697878787878784
0.12289696969696987
0.0
0.0
0.007006060606060607
0.31849393939393944
0.04477575757575756
0.007880303030303027
0.0
0.0
0.0
0.38136515151515143
0.9005333333333343
6.305569696969695
5.066430303030303
5.029869696969698
4.996086363636365
4.9441030303030296
4.734395454545456
4.679167711598745
4.74776212121212
4.814033333333333
4.815324242424243
3.8896287878787885
0.47115000000000024
0.1220984848484849
0.0
0.0
0.13385151515151508
0.2845969696969698
0.03503787878787879
0.0045636363636363635
0.0
0.0
0.020322727272727274
3.238206060606062
1.1077216666666667
6.779696666666666
5.556063636363637
5.480451515151518
5.292654545454545
5.058977272727272
4.782459090909091
4.633224242424242
4.485137878787876
4.663433333333334
4.9546560606060615
3.9526575757575766
0.46829545454545457
0.12080303030303036
0.0
0.0
0.28506969696969714
0.14138181818181828
0.02639545454545456
0.0005545454545454546
0.0
0.0
0.0
0.4306393939393937
0.9711378787878789
4.5977469696969715
4.060346969696971
5.585098484848486
5.169933333333336
5.115818181818184
5.42333787878788
5.371599999999999
5.417536363636365
5.301131818181816
5.398251515151515
4.623709090909091
0.5508257575757575
0.14472272727272736
0.0
0.0
0.2067348484848486
0.1703
0.029872727272727252
0.0016636363636363637
0.0
0.0
0.0
0.5027196969696964
1.0144060606060605
4.65851212121212
1.561666666666666
1.3575515151515165
1.246033333333332
1.2662212121212117
1.1530363636363636
1.0519469696969692
1.0324924242424236
0.9878409090909088
1.1793439393939391
1.4203045454545447
1.2592727272727282
1.3071621212121216
1.3284924242424236
1.3679318181818172
1.345106060606061
1.44883787878788
1.4209878787878785
1.4232166666666664
1.368756060606061
1.3882818181818175
1.407269696969699
1.4965454545454562
1.39415
1.4946257575757576
1.4330545454545445
1.1506257575757581
0.9441196969696971
0.42362272727272726
0.8577030303030305
0.4506424242424243
0.18445909090909088
0.9093515151515139
1.1062712121212126
0.9758575757575759
1.03775
1.0686015151515145
1.0784030303030299
1.09574393939394
1.033781818181818
0.9920939393939389
1.0138924242424252
0.9949075757575759
1.0130363636363646
1.0213969696969691
1.0796606060606064
1.112556060606061
1.0945333333333327
1.0940393939393938
1.0749696969696971
1.1011439393939382
1.0904015151515145
1.0616590909090908
1.0102651515151515
0.8004696969696969
0.4688681818181817
0.6498454545454546
1.0367696969696967
1.3032393939393936
1.1970606060606064
1.0794545454545466
1.1153793014894717
1.201984848484849
1.0537212121212116
0.9285409090909091
0.997760606060606
0.9726348484848487
0.9397863636363631
0.9047242424242428
1.0198651515151504
0.9188196969696968
0.9987606060606052
1.009378787878788
0.9962439393939387
1.0777636363636363
1.0626257575757583
1.0374818181818197
1.0683727272727273
0.9678924242424245
0.9106227272727274
1.0189621212121214
0.9204196969696963
0.870060606060606
0.89845303030303
0.9948287878787877
0.885671212121212
1.0047969696969694
0.9166439393939398
0.9523272727272721
0.9551606060606062
0.9330287878787878
0.9156560606060599
0.8749803030303032
0.8985378787878786
0.9089999999999997
0.9263787878787887
0.8692015151515151
0.8712075757575755
1.0341727272727266
0.9365560606060604
0.7630772727272728
0.9840696969696968
0.8820575757575759
0.9995893939393935
0.9919621212121211
1.029063636363636
0.9674742424242424
1.0459106060606063
1.014084848484849
0.9422924242424248
0.9634090909090904
0.9243606060606062
0.9936969696969697
0.956759090909091
0.9829348484848491
0.9893454545454545
1.0119606060606054
1.013719696969696
0.9512363636363627
1.0279454545454536
1.0447257575757574
0.9722666666666666
1.1410045454545457
1.0636958202716837
0.8719999999999999
0.5210560606060607
0.20038484848484847
0.011277272727272726
0.36869848484848455
3.055074242424242
3.271777272727272
0.5112257575757577
0.13625454545454543
0.0
0.0
0.0019757575757575726
0.40845000000000004
0.05122878787878789
0.02856363636363637
0.0
0.0
0.09393030303030306
0.3186499999999998
3.4075727272727274
6.049566666666664
5.93740303030303
4.991672727272726
3.715756060606061
2.7332651515151523
2.444204545454545
2.012242424242425
1.8510939393939394
1.7983121212121211
2.391390909090909
2.9861666666666675
0.47849393939393947
0.12626969696969711
0.0
0.0
0.005045454545454546
0.40521060606060605
0.04895606060606059
0.033559090909090906
0.0
0.0
0.13045757575757577
0.3185757575757576
3.4037166666666665
5.7569287878787865
5.697140909090912
4.865492424242427
3.8239590909090917
3.0011742424242427
2.211269696969697
1.5401333333333336
1.1508484848484857
0.6985378787878789
0.6624439393939388
2.2916
0.4488272727272729
0.1183409090909091
0.0
0.0
0.004369696969696972
0.3670363636363636
0.05784393939393939
0.03887424242424242
0.0
0.0
0.01756818181818182
0.16172424242424263
0.5197272727272718
0.32327878787878794
0.07675000000000004
0.001821212121212118
0.0
0.0
0.0
0.0
0.0
0.0
0.033371212121212086
0.1481969696969697
0.046071212121212124
0.008254545454545454
0.0
0.002465151515151518
0.17013636363636364
0.05677272727272728
0.016340909090909093
0.0
0.0
0.03360606060606059
0.047948484848484844
0.2334575757575756
0.09378939393939399
0.05449696969696971
0.04467424242424244
0.038527272727272716
0.04570151515151517
0.0005272727272727272
0.0
0.0
0.0
0.0
0.18727424242424243
0.3181469696969695
0.027575757575757587
0.017509090909090908
0.5526363636363644
0.11370303030303029
0.2080515151515151
0.11458484848484841
0.06450303030303027
0.0013454545454545455
0.0
0.08919696969696976
0.10739848484848484
0.22551060606060613
3.1121287878787816
5.705786363636364
5.5160727272727295
4.837533333333333
3.807737878787879
2.873863636363636
2.4154636363636364
1.9559242424242436
1.8755257575757582
1.9713636363636362
2.652393939393939
2.8919560606060606
0.44534696969696963
0.11488484848484846
0.0
0.0
0.20803030303030293
0.22465909090909095
0.05303181818181821
0.011977272727272718
0.0
0.007836363636363636
0.3064272727272728
0.24032121212121205
2.8932303030303035
5.6999424242424235
5.4606318181818185
5.386759090909091
5.0274515151515144
4.6732863636363655
4.161869696969698
4.059513636363636
4.110413636363637
4.13461212121212
4.148766666666665
3.120551515151514
0.4097636363636363
0.1003772727272727
0.0
0.0
0.0
0.35219242424242425
0.08102575757575761
0.0480560606060606
0.0
0.0
0.3228015151515152
0.307969696969697
2.8016545454545487
5.5794227272727275
5.473257575757576
5.404122727272727
5.203089393939396
4.492931818181819
4.202427272727273
3.793039393939394
3.1878484848484834
3.267765151515151
3.4040984848484843
2.9899454545454547
0.43360909090909094
0.11229696969696978
0.0
0.0
0.15288484848484848
0.17989242424242424
0.05134242424242423
0.048824242424242416
0.03892575757575757
0.0033409090909090906
0.3055939393939393
0.26820151515151514
3.325533333333337
6.512359090909093
6.0261257575757545
4.885701515151516
4.57815909090909
4.566986666666667
3.6135575757575746
2.215175757575758
1.941724242424243
1.98960606060606
2.422195454545455
3.02
0.48053787878787896
0.12598030303030316
0.0
0.0
0.3470484848484848
0.09255303030303025
0.15837575757575764
0.09764393939393941
0.05430606060606061
0.19511969696969692
0.9451681818181815
0.33529393939393987
2.155656060606061
4.738953030303031
4.078357575757575
4.066653030303032
3.55419090909091
3.367743939393939
3.3293772727272737
3.194742424242423
3.123033333333332
3.2275575757575763
3.1884484848484855
2.494183333333333
0.39552121212121194
0.10069848484848491
0.0
0.0
0.0
0.2390454545454546
0.12244393939393938
0.03507575757575757
0.0005636363636363636
0.018754545454545454
0.17888484848484845
0.0603030303030303
0.05076969696969699
0.05553939393939394
0.0432651515151515
0.1613212121212121
0.06112121212121213
0.010077272727272733
0.31756212121212085
0.12645757575757574
0.054718181818181805
0.0
0.13944545454545457
0.05780606060606059
0.16982121212121207
0.06157272727272727
0.04922878787878786
0.04288181818181819
0.47673636363636385
0.09185606060606061
0.031246969696969683
0.0
0.0
0.1846409090909091
0.08133636363636364
0.5717575757575756
0.09738484848484848
0.04490757575757575
0.04460757575757575
0.04832727272727273
0.05666666666666667
0.10740909090909095
0.07170303030303032
0.056906844305120184
0.035109090909090916
0.03033939393939394
0.0
0.19046515151515145
0.06903939393939397
0.05065909090909088
0.5330757575757574
0.0949575757575758
0.039984848484848484
0.041418181818181805
0.03579393939393938
0.33630606060606066
0.22728787878787884
0.06573636363636365
0.0016090909090909092
0.29681818181818226
2.370791910631738
4.56802121212121
4.253906060606062
4.181006060606061
3.79173484848485
3.1401454545454555
2.692906060606061
1.836365151515151
1.3617480668756536
1.3631727272727272
1.5315803030303028
2.3894136363636367
0.3900848484848485
0.09634393939393947
0.0
0.0
0.07447121212121216
0.31226969696969686
0.03779545454545453
0.020387878787878802
0.0
0.0
0.14319242424242426
0.299890909090909
2.7591136363636366
4.785492424242424
5.059807575757578
3.9093000000000013
3.2435015151515163
2.9386924242424244
3.0251909090909095
3.380580303030304
3.010849999999999
2.355760606060606
2.516084848484848
2.291484848484849
0.41196060606060597
0.10363333333333345
0.0
0.0
0.015898484848484846
0.4212000000000002
0.04581818181818182
0.03162424242424243
0.0
0.0
0.13840151515151508
0.31346969696969684
2.9345636363636363
7.3705181818181815
3.7548484848484844
2.019222727272727
0.7889515151515155
0.3025348484848486
0.0
0.08481818181818174
1.6865454545454548
2.0233803030303035
2.954442424242423
3.0553045454545456
0.47545303030303027
0.12619242424242427
0.0
0.0
0.0
0.3506833333333333
0.06801818181818181
0.038846969696969706
0.0
0.22625606060606068
0.06985757575757578
0.20033939393939393
2.14157727272727
5.231615151515151
4.031977272727274
1.5742469696969692
0.3911393939393939
0.07053787878787877
0.0
0.0
0.0
0.32688787878787906
1.495471212121212
1.354934848484848
0.3193348484848486
0.07318030303030311
0.0
0.0
0.003010606060606061
0.3892893939393938
0.05594393939393941
0.02216818181818181
0.0
0.0
0.047724242424242426
0.3717333333333334
2.6258818181818184
4.8953818181818205
4.443365151515151
4.168430303030302
3.698737878787878
3.194839393939395
2.578772727272728
2.650368181818182
2.6714681818181814
2.6542545454545463
2.4723378787878794
2.4929818181818173
0.4653757575757575
0.12293787878787882
0.0
0.0
0.15802121212121206
0.21298787878787862
0.06170454545454546
0.0097469696969697
0.0
0.045734848484848455
0.26441515151515155
0.08100909090909092
0.017410606060606064
0.0
0.12566666666666662
0.06744393939393936
0.9994121212121218
0.09646212121212124
0.02138787878787877
0.0
0.0
0.0
0.0
0.4259090909090908
0.05722121212121211
0.04107272727272727
0.561131818181818
0.0794121212121212
0.0072469696969697
0.0
0.0
0.03471212121212119
0.043056060606060605
0.02042727272727274
0.0
0.6055378787878783
0.094469696969697
0.04042878787878787
0.0
0.0
0.0
0.0
0.0
0.0
0.5001015151515152
0.04345454545454545
0.009096969696969702
0.0
0.004828787878787882
0.02476818181818181
0.03875606060606059
0.12084242424242429
0.12758030303030313
0.05516969696969699
0.030092424242424233
0.07373333333333333
0.1115257575757576
0.05083787878787878
0.0022272727272727275
0.2883409090909091
1.882895454545458
3.9743606060606056
2.9099621212121205
1.4815606060606064
0.4779318181818184
0.12594090909090902
0.0
0.0
0.04642424242424245
2.7877196969696962
3.1582954545454545
2.7329575757575757
0.47923636363636374
0.12613787878787874
0.0
0.0
0.0
0.2852136363636363
0.05579696969696968
0.05830303030303031
0.0431621212121212
0.024890909090909085
0.033072727272727274
0.3576030303030301
2.7611151515151517
4.628246969696971
3.3577787878787873
2.2132166666666655
0.6256363636363637
0.21575151515151508
0.0
0.0
0.06902121212121218
2.1630393939393926
2.210253030303029
2.2867151515151516
0.37827424242424246
0.09446363636363637
0.0
0.0
0.009307575757575754
0.2938015151515151
0.05701969696969697
0.03560454545454546
0.0
0.0
0.12433636363636363
0.37280151515151494
2.6006530303030306
4.93008181818182
4.328224242424244
3.631774242424244
2.7890515151515154
2.197615151515151
0.7974794670846397
0.5222151515151514
0.3528666666666667
0.025850000000000026
1.2464606060606065
2.2390818181818193
0.4595575757575759
0.12164090909090917
0.0
0.0
0.0014818181818181816
0.2856818181818183
0.053069696969696996
0.027086363636363627
0.0
0.0
0.20526212121212123
0.3545015151515154
2.2942424242424213
4.775530303030302
4.399581818181819
4.319619696969697
3.4400060606060596
2.871745454545455
2.527527272727272
2.435595454545456
2.111222727272727
2.028990909090909
1.9360363636363622
1.7707257575757576
0.37187272727272735
0.09290303030303036
0.0
0.0
0.18028333333333324
0.18859393939393945
0.04711212121212123
0.008545454545454545
0.0
0.0
0.18140454545454557
0.3038303030303027
2.5983151515151515
4.565819696969698
4.0295924242424235
3.500927272727274
2.8893803030303022
2.3470090909090904
1.7572409090909091
0.7741045454545453
0.5373484848484849
0.20416060606060607
0.23057878787878797
0.9796803030303045
0.3177136363636365
0.07389242424242427
0.0
0.0
0.32823181818181835
0.14544696969696969
0.04860909090909091
0.0030454545454545456
0.0
0.0
0.2446424242424242
0.07791363636363638
0.03751212121212121
0.0
0.0
0.0
0.478709090909091
0.14100757575757578
0.03390151515151514
0.0
0.0
0.0
0.0
0.0
0.0
0.4754818181818179
0.039013636363636355
0.003959090909090911
0.0
0.5914045454545456
0.05819393939393942
0.23176969696969715
0.06226363636363635
0.04341818181818183
0.0
0.0
0.009907575757575756
0.044504545454545456
0.10752878787878792
0.06069242424242424
0.007563636363636364
0.0
0.0
0.0
0.0
0.0
0.0
0.0
0.0
0.0
0.0
0.0
0.41061212121212143
0.024101515151515165
0.008678787878787873
0.0
0.0
0.0
0.0
0.40703636363636375
0.19871818181818182
3.290128787878788
1.99909393939394
1.9929606060606062
1.9482
1.7085484848484866
1.6363060606060607
0.6318696969696971
0.23648939393939392
0.0
0.0
0.0
0.0
0.0
0.0
0.10378636363636366
0.03125757575757574
0.2151409090909091
0.04293939393939396
0.024686363636363617
0.0
0.0
0.0
0.28392878787878817
0.24341060606060613
3.4227954545454566
2.1202409090909105
2.089384848484848
2.2377287878787873
1.8098636363636367
1.2355333333333327
0.5356242424242424
0.18173333333333336
0.0
0.0
0.0
0.0
0.0
0.0
0.0
0.2689606060606061
0.11987121212121207
0.0449318181818182
0.0
0.0
0.0017272727272727272
0.3057954545454546
0.2849287878787879
3.286057575757576
5.656600000000001
5.257965151515154
4.236563636363634
2.3984348484848486
0.6234424242424241
0.20630606060606063
0.0
0.0
0.0
0.0
0.0
0.0
0.0
0.0
0.0
0.3055272727272728
0.09112121212121214
0.0684151515151515
0.0
0.0
0.0
0.012789393939393935
0.2435318181818178
3.4300984848484846
5.155769696969697
3.6596090909090906
2.236342424242425
0.6591727272727271
0.22805757575757582
0.0
0.0
0.0
0.0
0.0
0.0
0.0
0.0
0.0
0.10831515151515157
0.05640757575757574
0.01945303030303031
0.0
0.0
0.0
0.0
0.006881818181818191
0.33017272727272756
2.3551636363636335
4.371784848484848
3.225272727272728
2.2168045454545466
1.1391696969696978
0.4181924764890282
0.06943484848484854
0.0
0.5642909090909082
1.239780303030303
1.6978969696969701
2.2585181818181814
0.41981969696969695
0.10902424242424252
0.0
0.0
0.0
0.31003939393939406
0.07757272727272722
0.03624545454545455
0.0
0.0
0.0023984848484848455
0.2826378787878788
0.07282727272727273
0.023383333333333336
0.0
0.0
0.5241924242424247
0.07097121212121207
0.03214696969696968
0.0
0.0
0.051942424242424276
0.0883378787878788
0.056139393939393926
0.05174545454545454
0.036822727272727264
0.040907575757575754
0.04454242424242425
0.7031136363636367
0.1059454545454546
0.0323969696969697
0.0
0.0
0.018872727272727263
0.04603181818181819
0.04203484848484848
0.0
0.0
0.027395454545454556
0.04892878787878787
0.026856060606060602
0.0
0.0
0.0
0.0
0.0
0.0
0.26476363636363637
0.09578636363636366
0.05390909090909093
0.0
0.0
0.007103030303030309
0.035187570621468926
0.056289393939393945
0.05472727272727273
0.022018181818181822
0.11062121212121206
0.0875681818181818
0.2644121212121212
3.273618181818179
5.560951903269144
4.2656
2.739863636363634
1.6688333333333338
0.697912121212121
0.2492121212121213
0.0
0.0
0.0
0.0
0.0
0.0
0.0
0.025480303030303
0.11949242424242427
0.13874393939393942
0.10747424242424244
0.0533030303030303
0.5977378787878789
0.09618333333333338
0.04761363636363635
0.5335454545454545
0.4947242424242427
2.888612121212118
5.44000606060606
3.2788272727272716
1.7514196969696976
0.5752090909090908
0.17384696969696975
0.0
0.0
0.0
0.0
0.0
0.0
0.0
0.0
0.0
0.3631
0.055233333333333294
0.036945454545454545
0.0
0.12646363636363636
0.20310606060606054
0.04248030303030303
0.04436515151515151
0.509269696969697
2.0325696969697002
4.347203030303031
2.7132242424242428
1.2219939393939396
0.4089439393939394
0.061727272727272735
0.0
0.0
0.0
0.0
0.0
0.49176363636363635
0.2747545454545455
0.07379090909090912
0.0009090909090909091
0.0
0.0
0.16994545454545454
0.08206363636363637
0.055346969696969686
0.613709090909091
0.21331818181818185
0.05467272727272727
0.33352727272727273
1.0191363636363635
3.936745454545455
3.1520196969696967
3.2701378787878785
3.272027272727272
3.035081818181818
3.031436363636364
2.935289393939395
2.758404545454545
2.679566666666666
2.7276606060606063
2.272824242424243
0.38742272727272725
0.09560909090909092
0.0
0.0
0.0
0.06739090909090911
0.1613909090909091
0.041063636363636365
0.007145454545454546
0.0
0.0
0.39779090909090903
1.8375075757575756
3.930440909090909
3.4609696969696957
3.503798484848485
3.504427272727274
3.299739393939394
2.7454787878787887
2.5797
2.0979469696969697
1.8500196969696965
1.953313636363636
2.3744666666666663
0.46956515151515127
0.12516363636363634
0.0
0.0
0.0
0.2838045454545455
0.06756363636363633
0.03156363636363637
0.0
0.0
0.0
0.18092424242424243
0.06659848484848484
0.024946969696969693
0.0
0.0
0.3227454545454545
0.3058727272727273
0.06258181818181817
0.01638181818181818
0.0
0.0
0.0
0.0
0.036563636363636354
0.04366363636363637
0.007600000000000001
0.11390000000000002
0.15911818181818183
0.06422727272727274
0.0
0.0
0.0096
0.12795454545454546
0.05638181818181819
0.0060272727272727275
0.0
0.47955454545454557
0.12042727272727274
0.056536363636363635
0.0
0.0
0.0
0.0072454545454545445
0.611312121212121
0.06487272727272728
0.009363636363636364
0.13190454545454544
0.052366666666666666
0.047146969696969694
0.060913436249285316
0.05374848484848485
0.11352121212121212
0.2037893939393939
0.07636363636363637
0.042883333333333336
0.0452
0.0384
0.047396969696969694
0.3557257575757577
3.2077833333333334
5.289762121212122
4.001118181818182
1.6068606060606057
0.4398499999999999
0.08866363636363636
0.0
0.0
0.0
0.0
0.0
0.0
0.0
0.0
0.0
0.029527272727272735
0.12104545454545455
0.05057272727272724
0.04186363636363637
0.04657424242424242
0.0005636363636363636
0.0
0.187269696969697
0.43370757575757574
1.5755363636363635
4.423027272727271
3.342145454545454
2.665904545454546
1.3658818181818182
0.41982727272727266
0.07999999999999999
0.0
0.0
0.0
0.18468181818181817
1.3927863636363635
0.40807575757575754
0.10950000000000003
0.0
0.0
0.0
0.32413333333333344
0.10369242424242424
0.03429090909090909
0.0
0.0
0.0
0.44055454545454553
1.228237878787879
4.163300000000001
3.4856636363636366
3.4975272727272735
3.4703287878787887
3.0655272727272727
3.064327272727273
3.0014818181818175
2.7131727272727275
2.526762121212121
2.739787878787879
2.4337136363636365
0.4035848484848486
0.10206363636363637
0.0
0.0
0.0
0.18666363636363636
0.09245454545454547
0.04245454545454546
0.0
0.0
0.0
0.3805545454545454
1.405012121212121
4.3983
3.694963636363637
3.2067727272727278
2.6944363636363637
1.071181818181818
0.3405727272727273
0.31189090909090905
1.422628787878788
2.7770303030303025
3.0336575757575757
2.6784545454545454
0.4165909090909091
0.10671818181818184
0.0
0.0
0.0
0.0681181818181818
0.16204545454545458
0.04308181818181818
0.007572727272727273
0.0
0.0
0.429290909090909
1.835674125874126
4.229095454545455
3.5568821273964133
3.39280909090909
2.6102545454545454
2.466372727272727
2.1956545454545453
1.8315909090909093
1.8207454545454544
1.755536363636364
1.6494545454545457
1.8975772727272726
0.4181909090909093
0.11045454545454546
0.0
0.0
0.0
0.2757727272727273
0.0723181818181818
0.028554545454545454
0.0
0.0
0.0014545454545454547
0.2867909090909091
0.07102727272727273
0.03269090909090911
0.0
0.1296090909090909
0.1016
0.022581818181818182
0.0942
0.09540303030303027
0.04334545454545455
0.0
0.0
0.0
0.0
0.0
0.0
0.0
0.2741636363636364
0.045554545454545445
0.02179090909090909
0.0
0.0
0.0
0.0
0.0
0.0
0.0
0.49300909090909073
0.08568181818181819
0.04237272727272727
0.02634545454545454
0.02886363636363636
0.0
0.0
0.0
0.0
0.4713818181818182
0.09339999999999998
0.030072727272727275
0.0
0.0741090909090909
0.05562727272727273
0.03769090909090909
0.0
0.0
0.7294454545454543
0.06768181818181819
0.03291818181818182
0.3365
1.6210181818181817
3.8871272727272723
3.2967
3.0484090909090913
2.130809090909091
1.2730818181818182
1.9955727272727273
1.5025999999999997
1.401809090909091
1.3453545454545455
1.6960454545454544
1.9357545454545453
0.3632363636363637
0.09027272727272728
0.0
0.0
0.0
0.19958181818181817
0.08769090909090908
0.046463636363636374
0.0
0.0
0.0
0.31679090909090907
0.16845454545454547
3.0583454545454547
2.0167545454545457
2.394763636363636
2.142954545454545
1.4683090909090908
1.5097545454545453
1.4850727272727275
1.8287454545454545
1.1316181818181819
0.8531454545454544
0.7259000000000003
0.39281818181818173
0.1038090909090909
0.0
0.0
0.08387272727272727
0.18998181818181817
0.052145454545454537
0.009263636363636363
0.0
0.0
0.10971818181818183
0.39157272727272735
1.5627545454545455
4.653418181818182
3.917472727272727
3.135972727272727
2.247934848484848
1.8901727272727271
1.7439181818181817
2.7409727272727276
2.058072727272727
2.3564727272727275
1.7310363636363635
1.0032636363636362
0.2425909090909091
0.023381818181818184
0.0
0.0
0.008372727272727273
0.13622727272727275
0.04722727272727274
0.04968181818181818
0.044509090909090894
0.010036363636363637
0.04114545454545455
0.3691909090909091
1.9835363636363637
4.138590909090909
3.801763636363636
3.9916
3.8248545454545453
3.3558272727272733
2.8755363636363636
1.950272727272727
1.6655636363636361
1.3465272727272728
0.7677818181818182
1.0878454545454546
0.4002909090909092
0.10330909090909092
0.0
0.0
0.08327272727272726
0.18530909090909092
0.05641818181818182
0.007918181818181826
0.0
0.0
0.2576181818181818
0.3058090909090909
3.425490909090909
5.813481818181819
4.840754545454545
3.2717818181818177
1.2476545454545453
0.5714727272727275
0.1843181818181818
0.0
0.0
0.0
0.0
1.4173272727272725
0.3619272727272727
0.09276363636363637
0.0
0.0
0.0
0.22749090909090908
0.07144545454545455
0.0203
0.0
0.0
0.0
0.6391818181818182
0.3303090909090909
0.07756363636363638
0.006236363636363636
0.0
0.0
0.19732727272727277
0.06103636363636366
0.030163636363636382
0.0
0.0
0.0
0.0
0.43409090909090914
0.05460000000000001
0.03610909090909091
0.0
0.0
0.18462727272727272
0.10847272727272723
0.07308181818181819
0.0
0.0
0.13131818181818183
0.07194545454545455
0.05714545454545458
0.05772727272727273
0.003172727272727273
0.0
0.0
0.0
0.0
0.0
0.0
0.0
0.0
0.0
0.11254545454545455
0.3691272727272727
0.022554545454545463
0.0109
0.0
0.006063636363636363
0.13973636363636366
0.05815454545454546
0.010445454545454536
0.0
0.0
0.3471636363636363
2.568054545454545
4.6369
4.089581818181818
4.0402818181818185
3.900390909090909
3.6228
3.4358000000000004
3.2190454545454545
2.846936363636363
2.7162363636363636
2.5136090909090907
2.2114454545454545
0.3886727272727271
0.0984090909090909
0.0
0.0
0.0033636363636363634
0.4517909090909091
0.06633636363636362
0.04900909090909092
0.0
0.0
0.11327272727272727
0.3299454545454545
3.6351363636363643
5.746536363636363
4.680109090909091
2.755981818181819
0.8036727272727273
0.2139181818181818
0.0
0.0
0.0
0.008936363636363636
0.29325454545454543
0.09440909090909093
0.07030909090909089
0.0
0.1376
0.03602727272727273
0.18016363636363633
0.06246363636363637
0.009263636363636363
0.742890909090909
0.11462424242424246
0.03413636363636364
0.030427272727272726
0.26172727272727275
2.757409090909091
4.769736363636364
3.933681818181818
3.1669545454545456
2.666606060606061
2.3582545454545456
1.8277454545454541
1.8829454545454547
1.8884454545454543
1.7512575757575752
1.2605196969696968
0.570451515151515
0.12006363636363636
0.0
0.0
0.0
0.03870909090909091
0.1891409090909091
0.0665378787878788
0.012136363636363638
0.0
0.0
0.0
0.19847272727272722
1.2387
3.027254545454546
1.2090272727272726
0.33870909090909085
0.02343636363636364
0.0
0.0
0.0
0.0
0.0
0.0
0.0
0.0
0.0
0.0
0.0
0.0
0.0
1.1545636363636365
1.2945363636363636
0.18449999999999997
0.02305454545454545
0.0
0.2682727272727273
1.3599454545454546
3.4322636363636363
1.4321166666666665
0.35426363636363634
0.03901818181818182
0.0
0.0
0.0
0.0
0.0
0.0
0.0
0.0
0.0
0.0
0.0
0.0
0.0
0.0
0.0
0.0
0.0
1.853690909090909
0.17568181818181816
0.04325454545454548
0.0
0.0
0.0
0.0
0.0
0.0
0.0
0.0
0.5709363636363638
0.05449090909090908
0.014627272727272728
0.0
0.0
0.0
0.0
0.6117
0.12654545454545454
0.04465454545454546
0.11078181818181818
0.2880363636363636
0.057745454545454544
0.16360909090909093
0.060509090909090894
0.042465151515151525
0.0
0.0
0.0
0.0
0.0
0.0
0.0
0.0
0.0
0.0
0.0
0.0
0.11559999999999998
0.014336363636363637
0.0030727272727272756
0.0
0.0
0.0
0.0
0.13093636363636363
2.290554545454545
0.2472818181818182
0.11685454545454545
0.4018181818181819
2.584481818181818
1.4089090909090909
1.2736454545454547
0.44073636363636354
0.10743636363636364
0.0
0.0
0.0
0.0
0.0
0.0
0.0
0.0
0.0
0.0
0.4608545454545455
0.04272727272727273
0.018481818181818183
0.0
0.0
0.0
0.0
0.2686818181818181
0.9231257575757575
2.708259090909091
0.8049303030303027
0.26227272727272727
0.0
0.0
0.0
0.0
0.0
0.0
0.0
0.0
0.0
0.0
0.0
0.0
0.0
0.0
0.0
0.0
0.0
0.0
0.0
0.3675818181818182
0.1728484848484848
2.068628787878788
0.36694848484848475
0.058754545454545455
0.0
0.0
0.0
0.0
0.0
0.0
0.0
0.0
0.0
0.0
0.0
0.0
0.0
0.0
0.0
0.0
0.0
0.0
0.0
0.350971212121212
0.24303939393939403
1.915407575757576
0.42837575757575747
0.07040909090909091
0.0
0.0
0.0
0.0
0.0
0.0
0.0
0.0
0.0
0.0
0.0
0.0
0.0
0.0
0.0
0.0
0.0
0.30234545454545453
0.10407424242424247
0.09583181818181813
0.5716727272727273
2.593396969696968
0.7753030303030303
0.37471818181818184
0.036069696969697
0.0
0.0
0.0
0.0
0.04888484848484848
0.05246666666666668
0.045862121212121215
0.0
0.0
0.0
0.4330348484848484
0.09938333333333337
0.033642424242424245
0.0
0.0
0.0
0.22503484848484856
0.07067575757575757
0.029283333333333342
0.0
0.0
0.0
0.0
0.0
0.0
0.0
0.0
0.0
0.0
0.0
0.0
0.0
0.0
0.0
0.17250909090909092
0.25771060606060614
0.021280303030303024
0.005918181818181819
0.0
0.0
0.17420757575757573
0.1656878787878788
0.25080606060606064
0.11671363636363642
0.009325757575757572
0.0
0.0
0.0
0.0
0.0
0.0
0.0
0.0
0.0
0.0
0.0
0.0
0.0
0.0
0.0
0.4698303030303024
0.025880303030303028
0.0024454545454545454
0.0
0.0
0.04115909090909091
0.29759545454545466
1.7577333333333305
2.8307318181818184
0.5569136363636363
0.14512424242424246
0.0
0.0
0.0
0.0
0.0
0.0
0.0
0.0
0.0
0.0
0.0
0.0
0.0
0.0
0.0
0.0
0.0
0.4540545454545455
0.032092424242424235
0.19413333333333327
0.8779272727272727
2.8839409090909087
0.5755363636363636
0.1818242424242424
0.0
0.0
0.0
0.0
0.0
0.0
0.0
0.0
0.0
0.0
0.0
0.0
0.0
0.0
0.0
0.0
0.46324848484848485
0.026275757575757584
0.0017469696969696974
0.26631818181818184
1.197339393939394
3.228239393939393
1.632715151515152
0.530121212121212
0.14252878787878792
0.0
0.0
0.0
0.0
0.0
0.0
0.0
0.0
0.0
0.0
0.0
0.0
0.0
0.5308212121212116
0.02851818181818182
0.003245454545454546
0.0
0.0
0.4332878787878784
1.5036287878787908
2.946662121212121
0.6814242424242424
0.23590757575757568
0.0
0.0
0.0
0.0
0.0
0.0
0.0
0.0
0.0
0.0
0.0
0.0
0.0
0.0
0.0
0.4651575757575761
0.016910606060606057
0.000781818181818182
0.0
0.38429393939393913
0.63994696969697
2.3962727272727276
0.4475863636363637
0.08563636363636364
0.0
0.0
0.0
0.0
0.0
0.0
0.0
0.0
0.0
0.0
0.0
0.0
0.0
0.0
0.0
0.0
0.0
0.0
0.0
0.0
0.0
0.0
0.0
0.0
0.0
0.0
0.0
0.0
0.0
0.0
0.0
0.0
0.0
0.0
0.0
0.0
0.0
0.0
0.0
0.0
0.0
0.0
0.0
0.0
0.0
0.0
0.0
0.0
0.0
0.0
0.0
0.0
0.0
0.0
0.0
0.0
0.0
0.0
0.0
0.0
0.0
0.0
0.0
0.0
0.0
0.0
0.0
0.5304000000000001
0.2696575757575758
1.885059090909092
0.42854848484848473
0.12446060606060608
0.0
0.0
0.0
0.0
0.0
0.0
0.0
0.0
0.0
0.0
0.0
0.0
0.0
0.0
0.0
0.0
0.0
0.0
0.0
0.35362575757575726
1.9799484848484872
3.4203166666666687
1.2382393939393952
0.3558181818181818
0.03287878787878791
0.0
0.0
0.0
0.0
0.0
0.0
0.0
0.0
0.02499696969696964
0.32329696969696964
0.05966515151515153
0.028378787878787868
0.0
0.9344954545454546
0.2839257575757576
0.06996969696969702
0.009189393939393945
0.0
0.9244772727272729
1.8687833333333304
3.4186837320574144
1.5706029258098217
0.5570484848484845
0.16461363636363624
0.0
0.0
0.0
0.0
0.0
0.0
0.0
0.0
0.0
0.0
0.0
0.47749090909090947
0.07745909090909095
0.009048484848484846
0.0
0.0
0.0
0.0
0.34360303030303024
0.1762348484848486
2.7807144723093002
0.8111040885040887
0.3769787878787879
0.05149848484848488
0.0
0.0
0.0
0.0
0.0
0.0
0.0
0.0
0.0
0.0
0.0
0.04611666666666667
0.05719242424242426
0.03833787878787876
0.0
0.0
0.0
0.0
0.32371060606060603
2.028034848484851
3.7612287878787867
2.7899166666666684
2.312281818181818
1.814869696969697
1.8069999999999995
1.8069999999999995
1.8069999999999995
1.8069999999999995
1.8069999999999995
1.8069999999999995
1.8069999999999995
1.8069999999999995
1.8069999999999995
1.8069999999999995
1.8069999999999995
1.8069999999999995
1.8069999999999995
1.8069999999999995
1.8069999999999995
1.8069999999999995
1.8069999999999995
1.8069999999999995
1.8069999999999995
1.8069999999999995
1.8069999999999995
1.8069999999999995
1.8069999999999995
1.8069999999999995
1.8069999999999995
1.8069999999999995
1.8069999999999995
1.8069999999999995
1.8069999999999995
1.8069999999999995
1.8069999999999995
1.8069999999999995
1.8069999999999995
1.8069999999999995
1.8069999999999995
1.8069999999999995
1.8069999999999995
1.8069999999999995
1.8069999999999995
1.8069999999999995
1.8069999999999995
1.8069999999999995
1.8069999999999995
1.8069999999999995
1.8069999999999995
1.8069999999999995
1.8069999999999995
1.8069999999999995
1.8069999999999995
1.8069999999999995
1.8069999999999995
1.8069999999999995
1.8069999999999995
1.8069999999999995
1.8069999999999995
1.8069999999999995
1.8069999999999995
1.8069999999999995
1.8069999999999995
1.8069999999999995
1.8069999999999995
1.8069999999999995
1.8069999999999995
1.8069999999999995
1.8069999999999995
1.8069999999999995
1.8069999999999995
1.2732030303030302
0.2500469696969698
0.003871212121212118
0.0
0.0
0.0
0.0
0.0
0.0
0.0
0.0
0.0
0.0
0.0
0.0
0.0
0.0
0.0
0.0
0.0
0.0
0.0
0.0
0.41085151515151547
0.11102424242424243
0.01355
0.00013636363636363637
0.0
0.0
0.0
0.0
0.0
0.0
0.5517818181818183
0.05256363636363639
0.007937878787878787
0.0
0.0
0.0
0.0
0.0
0.0
0.0
0.0
0.0
0.0
0.0
0.3475090909090909
0.14128484848484843
0.30231818181818193
0.0
0.0
0.0
0.0
0.030503030303030323
0.18971818181818173
0.029998484848484844
0.0046333333333333365
0.19698484848484862
0.09470909090909085
0.06876363636363637
0.0
0.0
0.0
0.0
0.0
0.0
0.0
0.0
0.0
0.0
0.3689303030303028
0.2031590909090909
0.3055939393939395
0.0
0.0
0.0
0.10430757575757572
0.0819045454545455
0.018822727272727262
0.0
0.0
0.0
0.0
0.0
0.0
0.0
0.0
0.0
0.0
0.0
0.0
0.0
0.0
0.0
0.32033333333333364
0.16412878787878785
0.3193939393939394
0.0
0.0
0.0
0.0
0.0
0.0
0.0
0.038460606060605994
0.10856212121212122
0.021412121212121223
0.0017999999999999997
0.0
0.0
0.0
0.0
0.0
0.0
0.0
0.0
0.0
0.0
0.0
0.0
0.0
0.0
0.0
0.0
0.0
0.0
0.0
0.0
0.0
0.0
0.0
0.0
0.0
0.0
0.0
0.0
0.0
0.0
0.0
0.0
0.0
0.0
0.0
0.0
0.0
0.0
0.0
0.0
0.0
0.0
0.0
0.0
0.0
0.0
0.0
0.0
0.0
0.0
0.0
0.0
0.0
0.0
0.0
0.0
0.0
0.0
0.4175378787878788
0.1302015151515152
0.10142575757575768
0.0
0.0
0.0
0.0
0.0
0.0
0.0
0.0
0.0
0.0
0.0
0.0
0.0
0.0
0.0
0.0
0.0
0.0
0.0
0.0
0.0
0.4494515151515154
0.12092878787878787
0.013908202716823399
0.00022727272727272727
0.0
0.0
0.0
0.0
0.0
0.0
0.0
0.0
0.0
0.0
0.0
0.0
0.0
0.0
0.0
0.0
0.0
0.0
0.0
0.24119696969697
0.20081515151515147
0.1632015151515151
2.129971212121213
0.3015439393939394
0.04085151515151524
0.0
0.0
0.0
0.0
0.0
0.0
0.0
0.0
0.0
0.0
0.0
0.0
0.0
0.0
0.0
0.0
0.0
0.0
0.452259090909091
0.06168030303030296
0.12472272727272728
2.3226181818181817
0.4414212121212122
0.09816969696969702
0.0
0.0
0.0
0.0
0.0
0.0
0.0
0.030592424242424233
0.0168530303030303
0.005196969696969699
0.0
0.0
0.0
0.0
0.0
0.0
0.0
0.0
0.0
0.34287727272727236
0.15388030303030306
1.9691742424242415
0.7093257575757576
0.7892090909090907
0.5666439393939395
0.2247666666666666
0.0
0.0
0.0
0.0
0.0
0.0
0.0
0.0
0.0
0.0
0.0
0.0
0.0
0.3706318181818181
0.06118636363636366
0.0038151515151515145
0.0
0.0
0.0
0.0
0.0
0.0
0.0
0.0
0.0
0.0
0.0
0.0
0.0
0.0
0.0
0.0
0.0
0.0
0.0
0.0
0.6051242424242422
0.03845000000000001
0.022827272727272717
0.0
0.0
0.0
0.0
0.0
0.0
0.0
0.0
0.0
0.0
0.0
0.0
0.0
0.0
0.0
0.0
0.0
0.0
0.0
0.0
0.0
0.0
0.0
0.0
1.9131424242424246
0.6346000000000003
0.14977575757575762
0.3578287878787876
2.709121212121212
0.47917424242424217
0.13648030303030298
0.0
0.0
0.0
0.0
0.0
0.0
0.0
0.0
0.0
0.0
0.0
0.0
0.0
0.0
0.0
0.0
0.0
0.0
0.0
0.387413636363636
0.2192015151515152
2.703978787878788
0.9061348484848483
0.3718636363636364
0.049728787878787824
0.0
0.0
0.0
0.0
0.0
0.04833030303030301
0.07115606060606067
0.040010606060606045
0.0
0.0
0.0
0.0
0.0
0.4962484848484847
0.04115454545454546
0.004239393939393941
0.0
0.0
0.42647727272727276
0.20990725108225117
2.707246096558809
0.8372598484848482
0.32869545454545473
0.0
0.0
0.0
0.0
0.0
0.0
0.0
0.0
0.0
0.0
0.0
0.0
0.0
0.3110439393939394
0.0718257575757576
0.03819696969696971
0.0
0.0
0.0
0.338243939393939
1.5525696969696936
3.50545303030303
1.7309409090909087
0.4678348484848485
0.11339545454545473
0.0
0.0
0.0
0.0
0.0
0.0
0.0
0.0
0.0
0.0
0.0
0.0
0.0
0.0
0.0
0.0
0.3713136363636366
0.04148030303030304
0.14822424242424243
0.2698906926406927
2.31745606060606
0.4098696969696969
0.09559393939393947
0.0
0.0
0.0
0.0
0.0
0.0
0.0
0.0
0.0
0.0
0.0
0.0
0.0
0.0
0.0
0.0
0.0
0.0
0.0
0.0
0.0
0.0
0.0
0.0
0.0
0.0
0.0
0.0
0.0
0.0
0.0
0.0
0.0
0.0
0.0
0.0
0.0
0.0
0.0
0.0
0.0
0.0
0.0
0.0
0.0
0.0
0.0
0.0
0.0
0.0
0.0
0.0
0.0
0.0
0.0
0.0
0.0
0.0
0.0
0.0
0.0
0.0
0.0
0.0
0.0
0.0
0.0
0.3348818181818179
0.2367090909090911
1.9301727272727265
0.44238030303030285
0.13801515151515154
0.0
0.0
0.0
0.0
0.0
0.0
0.0
0.0
0.0
0.0
0.0
0.0
0.0
0.0
0.0
0.0
0.0
0.0
0.0
0.34297424242424207
0.18784090909090906
2.501975757575756
0.9486469696969698
0.38506666666666656
0.06254848484848491
0.0
0.0
0.0
0.0
0.0
0.0
0.0
0.0
0.0
0.0
0.0
0.0
0.0
0.0
0.0
0.19961212121212152
0.20813636363636367
0.01571666666666668
0.3173818181818185
0.13587121212121217
0.46990909090909094
0.32528636363636365
0.07488484848484851
0.0
0.0
0.0
0.0
0.0
0.0
0.0
0.0
0.0
0.0
0.0
0.0
0.0
0.0
0.0
0.0
0.0
0.0
0.0
0.4560833333333337
0.15064848484848484
0.16646818181818182
0.0
0.0
0.0
0.0
0.0
0.0
0.0
0.0
0.0
0.0
0.0
0.0
0.0
0.0
0.0
0.0
0.0
0.0
0.0
0.0
0.0
0.30213939393939393
0.20803333333333332
0.2880636363636366
0.0
0.0
0.0
0.0
0.024692424242424273
0.14587575757575758
0.023875757575757585
0.003001515151515154
0.0
0.0
0.0
0.0
0.0
0.0
0.0
0.0
0.0
0.0
0.0017363636363636364
0.3347818181818185
0.015150000000000007
0.0005378787878787882
0.0
0.0
0.0
0.0
0.0
0.0
0.0
0.0
0.0
0.0
0.0
0.0
0.0
0.0
0.0
0.0
0.0
0.0
0.5575833333333337
0.028618181818181817
0.002924242424242425
0.0
0.0
0.0
0.0
0.0
0.0
0.0
0.0
0.0
0.0
0.0
0.0
0.0
0.0
0.0
0.0
0.0
0.0
0.0
0.0
0.0
0.0
0.0
0.0
0.0
0.0
0.4481378787878795
0.22010606060606056
0.30591969696969684
0.0
0.0
0.0
0.0
0.03794242424242427
0.08076363636363625
0.018663636363636375
0.0
0.0
0.0
0.0
0.0
0.0
0.0
0.0
0.0
0.0
0.0
0.0
0.0
0.0
0.4517303030303033
0.16859545454545435
0.20570606060606061
0.0
0.0
0.0
0.0
0.0
0.0
0.0
0.16327727272727277
0.0716363636363637
0.018443939393939394
0.0
0.0
0.0
0.0
0.0
0.0
0.0
0.0
0.0
0.0
0.0
0.43266212121212066
0.13923495297805658
0.1320378787878788
0.010313636363636374
0.0
0.0
0.0
0.0
0.0
0.0
0.0
0.0
0.0
0.0
0.0
0.0
0.0
0.0
0.0
0.0
0.0
0.0
0.0
0.0
0.3584863636363637
0.17822121212121214
0.3128787878787879
0.0
0.0
0.0
0.0
0.0
0.0
0.0
0.0
0.0
0.0
0.0
0.0
0.0
0.0
0.0
0.0
0.0
0.0
0.0
0.0
0.0
0.36055909090909055
0.10700151515151507
0.01253333333333333
0.00016515151515151546
0.0
0.0
0.0
0.0
0.0
0.0
0.0
0.0
0.0
0.0
0.0
0.0
0.0
0.0
0.0
0.0
0.0
0.0
0.0
0.0
0.0
0.0
0.0
0.0
0.0
0.0
0.0
0.0
0.0
0.0
0.0
0.0
0.0
0.0
0.0
0.0
0.0
0.0
0.0
0.0
0.0
0.0
0.0
0.0
0.0
0.0
0.0
0.0
0.0
0.0
0.0
0.0
0.0
0.0
0.0
0.0
0.0
0.0
0.0
0.0
0.0
0.0
0.0
0.0
0.0
0.0
0.0
0.0
0.39828030303030354
0.21006515151515168
0.19945454545454544
0.0
0.0
0.0
0.0
0.0
0.0
0.0
0.0
0.0
0.0
0.0
0.0
0.0
0.0
0.0
0.0
0.0
0.0
0.0
0.0
0.0
0.36759848484848484
0.21721363636363644
0.25273636363636365
0.0
0.0
0.0
0.0
0.0
0.14371212121212124
0.03498787878787879
0.006127272727272728
0.0
0.0
0.0
0.0
0.0
0.0
0.0
0.0
0.0
0.0
0.0
0.0
0.0
0.34824696969696994
0.18821060606060602
0.13107121212121212
0.0
0.0
0.0
0.0
0.0
0.0
0.0
0.0
0.0
0.0
0.0
0.0
0.0
0.0
0.0
0.0
0.0
0.0
0.0
0.0
0.0
0.44992272727272725
0.14518181818181805
0.05362121212121209
0.0060469696969697
0.0
0.0
0.0
0.0
0.0
0.0
0.0
0.0
0.0
0.0
0.0
0.0
0.0
0.0
0.0
0.0
0.0
0.0
0.0
0.0
0.4176848484848495
0.11765757575757575
0.012969696969696982
0.00027121212121212183
0.0
0.0
0.0
0.0
0.0
0.0
0.0
0.0
0.0
0.0
0.0
0.0
0.0
0.0
0.0
0.0
0.0
0.0
0.0
0.0
0.0
0.0
0.0
0.0
0.0
0.0
0.0
0.0
0.0
0.0
0.0
0.0
0.0
0.0
0.0
0.0
0.0
0.0
0.0
0.0
0.0
0.0
0.0
0.0
0.0
0.0
0.0
0.0
0.0
0.0
0.0
0.0
0.0
0.0
0.0
0.0
0.0
0.0
0.0
0.0
0.0
0.0
0.0
0.0
0.0
0.0
0.0
0.0
0.4374272727272727
0.11863636363636364
0.039757575757575776
0.0
0.0
0.0
0.0
0.0
0.0
0.0
0.0
0.0
0.0
0.0
0.0
0.0
0.0
0.0
0.0
0.0
0.0
0.0
0.0
0.0
0.4231257575757571
0.19966969696969697
0.199939393939394
0.0
0.0
0.0
0.0
0.0
0.2506772727272728
0.06529242424242421
0.014981818181818181
0.0
0.0
0.0
0.0
0.0
0.0
0.0
0.0
0.0
0.0
0.0
0.0
0.46975606060606107
0.07200909090909094
0.10925151515151513
2.1053742424242414
0.3554333333333334
0.06741818181818182
0.0
0.0
0.0
0.0
0.0
0.0
0.0
0.0
0.0
0.0
0.0
0.0
0.0
0.0
0.0
0.0
0.0
0.0
0.0
0.4152787878787882
0.11869242424242428
0.015174242424242434
0.003715151515151518
0.0
0.0
0.0
0.0
0.0
0.0
0.0
0.0
0.0
0.0
0.0
0.0
0.0
0.0
0.0
0.0
0.0
0.0
0.0
0.0
0.42043181818181813
0.14997575757575746
0.2991015151515152
0.0
0.0
0.0
0.0
0.0
0.0
0.0
0.0
0.0206797619047619
0.1406
0.09505000000000001
0.004637878787878788
0.0
0.0
0.0
0.0
0.0
0.0
0.0
0.0
0.0
0.0
0.0
0.0
0.0
0.0
0.0
0.0
0.0
0.0
0.0
0.0
0.0
0.0
0.0
0.0
0.0
0.0
0.0
0.0
0.0
0.0
0.0
0.0
0.0
0.0
0.0
0.0
0.0
0.0
0.0
0.0
0.0
0.0
0.0
0.0
0.0
0.0
0.0
0.0
0.0
0.0
0.0
0.0
0.0
0.0
0.0
0.0
0.0
0.5413924242424243
0.1430530303030304
0.27552727272727257
0.0
0.0
0.0
0.0
0.0
0.0
0.0
0.0
0.0
0.0
0.0
0.0
0.0
0.0
0.0
0.3805378787878791
0.21158181818181818
0.018783333333333325
0.0012469696969696973
0.0
0.0
0.40589696969697003
0.14250606060606064
0.476319696969697
0.3662287878787879
0.095319696969697
0.0
0.0
0.0
0.0
0.0
0.0
0.0
0.0
0.0
0.0
0.0
0.0
0.0
0.0
0.0
0.0
0.0
0.0
0.0
0.42936969696969707
0.16780151515151517
1.7673939393939406
0.4148530303030302
0.12093787878787882
0.0
0.0
0.0
0.0
0.0
0.0
0.0
0.0
0.0
0.0
0.0
0.0
0.0
0.0
0.0
0.0
0.0
0.0
0.0
0.4604090909090903
0.15547272727272726
0.2982757575757576
0.0
0.0
0.0
0.0
0.0
0.0
0.0
0.0
0.0
0.0
0.0
0.0
0.0
0.0
0.0
0.0
0.0
0.0
0.0
0.0
0.0
0.39133181818181806
0.11134848484848484
0.014525757575757574
0.00017272727272727272
0.0
0.0
0.0
0.0
0.0
0.0
0.0
0.0
0.0
0.0
0.0
0.0
0.0
0.0
0.0
0.0
0.0
0.0
0.0
0.0
0.0
0.0
0.0
0.0
0.0
0.0
0.0
0.0
0.0
0.0
0.0
0.0
0.0
0.0
0.0
0.0
0.0
0.0
0.0
0.0
0.0
0.0
0.0
0.0
0.0
0.0
0.0
0.0
0.0
0.0
0.0
0.0
0.0
0.0
0.0
0.0
0.0
0.0
0.0
0.0
0.0
0.0
0.0
0.0
0.0
0.0
0.0
0.0
0.4359424242424239
0.11791515151515139
0.010963636363636363
0.00027121212121212183
0.0
0.0
0.0
0.0
0.0
0.0
0.0
0.0
0.0
0.0
0.0
0.0
0.0
0.0
0.0
0.0
0.0
0.0
0.0
0.0
0.512071212121212
0.12034696969696959
0.05326515151515155
0.0
0.0
0.0
0.0
0.0
0.0
0.0
0.0
0.0
0.0
0.0
0.0
0.0
0.0
0.0
0.0
0.0
0.0
0.0
0.0
0.0
0.30795454545454515
2780.999433333336
0.020518181818181828
0.001640909090909092
0.0
0.0
0.0
0.0
0.0
0.0
0.0
0.0
0.0
0.0
0.0
0.0
0.0
0.0
0.0
0.0
0.0
0.0
0.0
0.0
0.0
0.41252878787878783
0.150291013584117
0.03296969696969697
0.0007909090909090908
0.0
0.0
0.0
0.0
0.0
0.0
0.0
0.0
0.0
0.0
0.0
0.0
0.0
0.0
0.0
0.0
0.0
0.0
0.0
0.0
0.4816924242424246
0.10893249738766983
0.02548030303030302
0.0
0.0
0.0
0.0
0.0
0.0
0.0
0.0
0.0
0.0
0.0
0.0
0.0
0.0
0.0
0.0
0.0
0.0
0.0
0.0
0.0
0.0
0.0
0.0
0.0
0.0
0.0
0.0
0.0
0.0
0.0
0.0
0.0
0.0
0.0
0.0
0.0
0.0
0.0
0.0
0.0
0.0
0.0
0.0
0.0
0.0
0.0
0.0
0.0
0.0
0.0
0.0
0.0
0.0
0.0
0.0
0.0
0.0
0.0
0.0
0.0
0.0
0.0
0.0
0.0
0.0
0.0
0.0
0.39518030303030244
0.1104090909090909
0.016656060606060615
0.0033484848484848454
0.0
0.0
0.0
0.0
0.0
0.0
0.0
0.0
0.0
0.0
0.0
0.0
0.0
0.0
0.0
0.0
0.0
0.0
0.0
0.0
0.3414469696969698
0.10875757575757584
0.00925909090909092
0.0002
0.0
0.0
0.0
0.0
0.0
0.0
0.0
0.0
0.0
0.0
0.0
0.0
0.0
0.0
0.0
0.0
0.0
0.0
0.0
0.0
0.4030469696969696
0.11275757575757578
0.09029090909090914
0.0009090909090909091
0.0
0.0
0.0
0.0
0.0
0.06428636363636374
0.11887272727272728
0.023001515151515158
0.0015
0.0
0.0
0.0
0.0
0.0
0.0
0.0
0.0
0.0
0.0
0.0
0.42615454545454584
0.1258318181818182
0.2609651515151516
0.006674242424242427
0.0
0.0
0.0
0.0
0.19336515151515152
0.08664242424242422
0.017898484848484855
0.0
0.0
0.0
0.0
0.0
0.0
0.0
0.0
0.0
0.0
0.0
0.0
0.3573378787878782
0.15327878787878776
0.13183030303030308
2.3784757575757562
0.37489545454545453
0.0758287878787879
0.0
0.0
0.0
0.0
0.0
0.0
0.0
0.0
0.0
0.0
0.0
0.0
0.0
0.0
0.0
0.0
0.0
0.0
0.0
0.0
0.0
0.0
0.0
0.0
0.0
0.0
0.0
0.0
0.0
0.0
0.0
0.0
0.0
0.0
0.0
0.0
0.0
0.0
0.0
0.0
0.0
0.0
0.0
0.0
0.0
0.0
0.0
0.0
0.0
0.0
0.0
0.0
0.0
0.0
0.0
0.0
0.0
0.0
0.0
0.0
0.0
0.0
0.0
0.0
0.0
0.0
0.0
0.44902878787878797
0.11485909090909091
0.20760151515151498
0.002278787878787882
0.0
0.0
0.0
0.0
0.0
0.0
0.0
0.0
0.0
0.0
0.0
0.0
0.0
0.0
0.0
0.0
0.0
0.0
0.0
0.0
0.350595454545454
0.10814696969696967
0.12096818181818182
0.006675757575757572
0.0
0.0
0.0
0.0
0.0
0.0
0.0
0.0
0.0
0.0
0.0
0.0
0.0
0.0
0.0
0.0
0.0
0.0
0.0
0.0
0.3701681818181811
0.1117045454545455
0.08963333333333329
0.005703030303030299
0.0
0.0
0.0
0.0
0.0
0.0
0.0
0.0
0.0
0.0
0.0
0.0
0.0
0.0
0.0
0.0
0.0
0.0
0.0
0.0
0.3639030303030303
0.12704090909090907
0.011675757575757579
0.0004318181818181818
0.0
0.0
0.0
0.0
0.0
0.0
0.0
0.0
0.0
0.0
0.0
0.0
0.0
0.0
0.0
0.0
0.0
0.0
0.0
0.0
0.0
0.0
0.0
0.0
0.0
0.0
0.0
0.0
0.0
0.0
0.0
0.0
0.0
0.0
0.0
0.0
0.0
0.0
0.0
0.0
0.0
0.0
0.0
0.0
0.0
0.0
0.0
0.0
0.0
0.0
0.0
0.0
0.0
0.0
0.0
0.0
0.0
0.0
0.0
0.0
0.0
0.0
0.0
0.0
0.0
0.0
0.0
0.0
0.0
0.0
0.0
0.0
0.0
0.0
0.0
0.0
0.0
0.0
0.0
0.0
0.0
0.0
0.0
0.0
0.0
0.0
0.0
0.0
0.0
0.0
0.0
0.0
0.4851878787878789
0.14829545454545442
0.2588969696969697
0.023993939393939366
0.0
0.0
0.0
0.0
0.0
0.0
0.0
0.0
0.0
0.0
0.0
0.0
0.0
0.0
0.0
0.0
0.0
0.0
0.0
0.0
0.0
0.0
0.0
0.0
0.0
0.0
0.0
0.0
0.0
0.0
0.0
0.0
0.0
0.0
0.0
0.0
0.0
0.0
0.0
0.0
0.0
0.0
0.0
0.0
0.0
0.0
0.0
0.0
0.0
0.0
0.0
0.0
0.0
0.0
0.0
0.0
0.0
0.0
0.0
0.0
0.0
0.0
0.0
0.0
0.0
0.0
0.0
0.0
0.41978939393939396
0.11246363636363643
0.2591590909090909
0.009945454545454546
0.0
0.0
0.0
0.0
0.0
0.0
0.0
0.0
0.0
0.0
0.0
0.0
0.0
0.0
0.0
0.0
0.0
0.0
0.0
0.0
0.4346151515151512
0.1280121212121212
0.29811515151515156
0.01581060606060609
0.0
0.0
0.0
0.0
0.0
0.0
0.0
0.0
0.0
0.0
0.0
0.0
0.0
0.0
0.0
0.0
0.0
0.0
0.0
0.0
0.0
0.0
0.0
0.0
0.0
0.0
0.0
0.0
0.0
0.0
0.0
0.0
0.0
0.0
0.0
0.0
0.0
0.0
0.0
0.0
0.0
0.0
0.0
0.0
0.0
0.32694696969696974
0.11573787878787885
0.009230303030303038
5.454545454545454e-05
0.0
0.0
0.0
0.0
0.0
0.0
0.0
0.0
0.0
0.0
0.0
0.0
0.0
0.0
0.0
0.0
0.0
0.0
0.0
0.42201060606060603
0.1239227272727273
0.3454348484848485
0.2994636363636365
0.12515303030303027
0.0
0.0
0.0
0.0
0.0
0.0
0.0
0.0
0.0
0.0
0.0
0.0
0.0
0.0
0.0
0.0
0.0
0.0
0.0
0.49975454545454545
0.17514545454545452
1.05025
0.535919696969697
0.21107727272727264
0.0
0.0
0.0
0.0
0.0
0.0
0.0
0.0
0.0
0.0
0.0
0.0
0.0
0.0
0.0
0.0
0.0
0.0
0.0
0.4259151515151512
0.16825606060606046
2.488484848484848
0.9638393939393942
0.5634742424242426
0.18544545454545466
0.0
0.0
0.0
0.0
0.0
0.0
0.0
0.0
0.0
0.0
0.0
0.0
0.0
0.0
0.0
0.0
0.0
0.0
0.3442909090909091
0.24140151515151523
3.588722727272727
2.2061060606060594
1.948424242424243
0.8603272727272725
0.29319242424242425
0.005327272727272727
0.0
0.0
0.0
0.6655757575757573
0.8534272727272731
0.19389393939393954
0.010227272727272725
0.0
0.0
0.0
0.0
0.0
0.0
0.0
0.0
0.533262121212121
0.09582727272727273
1.0020666666666669
4.1064575757575765
1.6640318181818181
0.4149757575757576
0.1034954545454546
0.0
0.0
0.0
0.0
0.0
0.0
0.0
0.0
0.0
0.0
0.0
0.0
0.0
0.0
0.0
0.0
0.0
0.0
0.0
0.0
0.0
0.0
0.0
0.0
0.0
0.0
0.0
0.0
0.0
0.0
0.0
0.0
0.0
0.0
0.0
0.0
0.0
0.0
0.0
0.0
0.0
0.0
0.0
0.0
0.0
0.0
0.0
0.0
0.0
0.0
0.0
0.0
0.0
0.0
0.0
0.0
0.0
0.0
0.0
0.0
0.0
0.0
0.0
0.0
0.0
0.0
0.37309242424242367
0.1126575757575758
0.15492575757575763
0.0158
0.0
0.0
0.0
0.0
0.0
0.0
0.0
0.0
0.0
0.0
0.0
0.0
0.0
0.0
0.0
0.0
0.0
0.0
0.0
0.0
0.0
0.0
0.5600227272727273
0.5956954545454543
0.2633696969696969
0.0
0.0
0.0
0.0
0.0
0.0
0.0
0.0
0.0
0.0
0.0
0.0
0.0
0.0
0.0
0.0
0.0
0.0
0.0
0.4401439393939395
0.17235865800865804
1.7616484848484852
0.40638484848484846
0.11732121212121217
0.0
0.0
0.0
0.0
0.0
0.0
0.0
0.0
0.0
0.0
0.0
0.0
0.0
0.0
0.0
0.0
0.0
0.0
0.0
0.0
0.4556151515151518
0.18770909090909094
0.07553939393939395
0.0
0.0
0.0
0.0
0.0
0.0
0.0
0.0
0.0
0.0
0.0
0.0
0.0
0.0
0.0
0.0
0.0
0.0
0.0
0.0
0.29712727272727274
0.20060454545454556
0.08995606060606058
0.03574393939393936
0.0
0.0
0.0
0.0
0.0
0.0
0.0
0.0
0.0
0.0
0.0
0.0
0.0
0.0
0.0
0.0
0.0
0.0
0.0
0.0
0.0
0.0
0.0
0.0
0.0
0.0
0.0
0.0
0.0
0.0
0.0
0.0
0.0
0.0
0.0
0.0
0.0
0.0
0.0
0.0
0.0
0.0
0.0
0.0
0.0
0.0
0.0
0.0
0.0
0.0
0.0
0.0
0.0
0.0
0.0
0.0
0.0
0.0
0.0
0.0
0.0
0.0
0.0
0.0
0.0
0.0
0.0
0.0
0.44253787878787904
0.13336969696969697
0.28133636363636355
0.028692424242424273
0.0
0.0
0.0
0.0
0.0
0.0
0.0
0.0
0.0
0.0
0.0
0.0
0.0
0.0
0.0
0.0
0.0
0.0
0.0
0.0
0.3779045454545455
0.15016060606060594
1.7364818181818187
0.3834515151515149
0.10172727272727272
0.0
0.0
0.0
0.0
0.0
0.0
0.0
0.0
0.0
0.0
0.0
0.0
0.0
0.0
0.0
0.0
0.0
0.0
0.0
0.3474318181818182
0.13318333333333332
0.05030909090909095
0.022045454545454545
0.0
0.0
0.0
0.0
0.0
0.0
0.0
0.0
0.0
0.0
0.0
0.0
0.0
0.0
0.0
0.0
0.0
0.0
0.0
0.0
0.3582848484848482
0.12164696969696974
0.22485606060606064
0.021218181818181817
0.0
0.0
0.0
0.0
0.0
0.0
0.0
0.0
0.0
0.0
0.0
0.0
0.0
0.0
0.0
0.0
0.0
0.0
0.0
0.0
0.0
0.0
0.5252560606060606
0.07942727272727272
0.014799999999999997
0.0
0.0
0.0
0.0
0.0
0.0
0.0
0.0
0.0
0.0
0.0
0.0
0.0
0.0
0.0
0.0
0.0
0.0
0.0
0.0
0.0
0.0
0.0
0.0
0.0
0.0
0.0
0.0
0.0
0.0
0.0
0.0
0.0
0.0
0.0
0.0
0.0
0.0
0.0
0.0
0.0
0.0
0.0
0.0
0.0
0.0
0.0
0.0
0.0
0.0
0.0
0.0
0.0
0.0
0.0
0.0
0.0
0.0
0.0
0.0
0.0
0.0
0.0
0.0
0.0
0.0
0.0
0.5781454545454546
0.2197030303030303
3.8112106060606057
2.595345454545455
2.464077272727272
1.2780590909090912
1.0168924242424244
1.1832303030303029
1.3450954545454545
1.30145
1.5878318181818174
1.600187878787879
1.7210560606060599
0.3194181818181819
0.07945757575757582
0.0
0.0
0.0
0.0
0.0
0.0
0.0
0.0
0.0
0.33694242424242427
0.16077878787878785
3.60974393939394
2.454581818181818
2.347340909090909
2.3608166666666666
1.733442424242423
0.6897318181818183
0.2671106060606061
0.0
0.0
0.0
0.0
0.0
0.0
0.0
0.0
0.0
0.0
0.0
0.0
0.0
0.0
0.0
0.32650909090909086
0.506916666666667
4.058695454545456
2.4442424242424248
1.5574575757575753
0.41429999999999995
0.1147106060606061
0.0
0.0
0.0
0.0
0.0
0.0
0.0
0.0
0.0
0.0
0.0
0.0
0.0
0.0
0.0
0.0
0.0
0.4351545454545454
0.24413636363636365
4.009759090909091
1.6590060606060602
0.7413727272727274
0.2387515151515151
0.006281818181818181
0.0
0.0
0.0
0.0
0.0
0.0
0.0
0.0
0.0
0.0
0.0
0.0
0.0
0.0
0.0
0.0
0.0
0.40539696969697
0.1364
2.450856060606061
1.2345181818181818
0.4304136363636365
0.12443030303030302
0.0
0.0
0.0
0.0
0.0
0.0
0.0
0.0
0.0
0.0
0.0
0.0
0.0
0.0
0.0
0.0
0.0
0.0
0.0
0.0
0.0
0.0
0.0
0.0
0.0
0.0
0.0
0.0
0.0
0.0
0.0
0.0
0.0
0.0
0.0
0.0
0.0
0.0
0.0
0.0
0.0
0.0
0.0
0.0
0.0
0.0
0.0
0.0
0.0
0.0
0.0
0.0
0.0
0.0
0.0
0.0
0.0
0.0
0.0
0.0
0.0
0.0
0.0
0.0
0.0
0.0
0.4465
0.1282757575757576
0.3463424242424242
0.2915303030303031
0.13262575757575765
0.0
0.0
0.0
0.0
0.0
0.0
0.0
0.0
0.0
0.0
0.0
0.0
0.0
0.0
0.0
0.0
0.0
0.0
0.0
0.3806545454545455
0.12319848484848485
1.3125287878787875
0.417069696969697
0.142689393939394
0.0
0.0
0.0
0.0
0.0
0.0
0.0
0.0
0.0
0.0
0.0
0.0
0.0
0.0
0.0
0.0
0.0
0.0
0.0
0.3730454545454547
0.11716060606060608
0.24543181818181825
0.015296969696969727
0.0
0.0
0.0
0.0
0.0
0.0
0.0
0.0
0.0
0.0
0.0
0.0
0.0
0.0
0.0
0.0
0.0
0.0
0.0
0.0
0.0
0.0
0.3047803030303031
0.3584075757575757
0.2174015151515152
0.0
0.0
0.0
0.0
1.0260954545454544
0.9452757575757573
1.0383742424242421
1.148006060606061
0.3782530303030302
0.10109393939393942
0.0
0.0
0.0
0.0
0.0
0.0
0.0
0.0
0.0
0.39997878787878793
0.16927121212121213
3.209209090909092
1.7191136363636375
0.8287681818181819
0.41926818181818165
0.11968484848484855
0.0
0.0
0.0
0.0
0.0
0.0
0.0
0.0
0.0
0.0
0.0
0.0
0.0
0.0
0.0
0.0
0.0
0.0
0.0
0.0
0.0
0.0
0.0
0.0
0.0
0.0
0.0
0.0
0.0
0.0
0.0
0.0
0.0
0.0
0.0
0.0
0.0
0.0
0.0
0.0
0.0
0.0
0.0
0.0
0.0
0.0
0.0
0.0
0.0
0.0
0.0
0.0
0.0
0.0
0.0
0.0
0.0
0.0
0.0
0.0
0.0
0.0
0.0
0.0
0.0
0.0
0.0
0.0
0.0
0.0
0.0
0.0
0.0
0.0
0.0
0.0
0.0
0.0
0.0
0.0
0.0
0.0
0.0
0.0
0.0
0.0
0.0
0.0
0.0
0.34716363636363634
0.12529090909090906
0.17826363636363637
0.026854545454545454
0.0
0.0
0.0
0.0
0.0
0.0
0.0
0.0
0.0
0.0
0.0
0.0
0.0
0.0
0.0
0.0
0.0
0.0
0.0
0.0
0.41248181818181817
0.19352727272727274
3.251236363636364
1.6106713550600347
0.4812939393939393
0.1529909090909091
0.0
0.0
0.0
0.0
0.0
0.0
0.0
0.0
0.0
0.0
0.0
0.0
0.0
0.0
0.0
0.0
0.0
0.0
0.5037696969696968
0.23215757575757578
3.756971212121213
2.3792212121212133
2.0537378787878797
1.0147106060606061
0.3218166666666668
0.03781515151515155
0.0
0.0
0.0
0.0
2.7354181818181815
0.33168181818181797
0.08826818181818187
0.0
0.0
0.0
0.0
0.0
0.0
0.0
0.0
0.0
0.40620000000000006
0.2600727272727273
3.8679909090909077
2.545427272727273
2.2692515151515162
1.3383545454545456
0.8982924242424244
0.44384393939393924
1.5266272727272716
2.3359712121212124
2.679459090909091
2.889934848484849
3.2734378787878793
0.35175000000000006
0.09151515151515145
0.0
0.0
0.0
0.0
0.0
0.0
0.0
0.0
0.0
0.0
0.0
0.0
0.0
0.0
0.0
0.0
0.0
0.0
0.0
0.0
0.0
0.0
0.0
0.0
0.0
0.0
0.0
0.0
0.0
0.0
0.0
0.0
0.48710909090909077
0.02022727272727273
0.004245454545454546
0.0
0.0
0.0
0.0
0.0
0.0
0.0
0.0
0.0
0.0
0.0
0.0
0.0
0.0
0.0
0.0
0.0
0.0
0.0
0.0
0.0
0.0
0.4660636363636364
0.9988636363636363
5.074722727272728
5.683818181818182
5.049218181818182
4.774975757575757
4.265090909090909
4.049554545454546
3.849972727272727
3.7273681818181816
3.454763636363636
3.3094909090909095
2.598718181818182
0.3243909090909091
0.08246363636363636
0.0
0.0
0.0
0.0
0.0
0.0
0.0
0.0
0.0
0.37247272727272734
0.3219560606060606
4.9610242424242434
5.074381818181819
4.846666666666667
4.605731818181819
3.8589060606060612
3.5781606060606066
3.5113893939393934
2.800506060606061
1.5461439393939391
1.2071242424242419
0.506330303030303
0.12606666666666672
0.0
0.0
0.0
0.0
0.0
0.0
0.0
0.0
0.0
0.0
0.477824242424242
0.20518333333333336
4.301618181818181
3.156874242424243
2.4177939393939387
1.041166666666666
0.3165121212121212
0.04222878787878788
0.0
0.0
0.0
0.0
0.0
0.0
0.0
0.0
0.0
0.0
0.0
0.0
0.0
0.0
0.0
0.0
0.4550469696969697
0.23880606060606058
4.244569696969696
2.9759924242424245
2.6284303030303033
1.6103484848484855
0.6225424242424243
0.23211818181818183
0.0
0.0
0.0
0.0
0.0
0.0
0.0
0.0
0.0
0.0
0.0
0.0
0.0
0.0
0.0
0.0
0.3418242424242424
0.2725287878787878
4.424903030303029
3.363963636363637
2.915946969696968
1.8882954545454544
0.6640803030303029
0.24777272727272726
0.0
0.0
0.0
0.0
0.0
0.0
0.0
0.0
0.0
0.0
0.0
0.0
0.0
0.0
0.0
0.0
0.0
0.0
0.0
0.0
0.0
0.0
0.0
0.0
0.0
0.0
0.0
0.0
0.0
0.0
0.0
0.0
0.0
0.0
0.0
0.0
0.0
0.0
0.0
0.0
0.0
0.0
0.0
0.0
0.0
0.0
0.0
0.0
0.0
0.0
0.0
0.0
0.0
0.0
0.0
0.0
0.0
0.0
0.0
0.0
0.0
0.0
0.0
0.0
0.5219924242424236
0.17610151515151512
1.9525999999999997
1.6765984848484847
1.704
0.9950151515151515
0.2594621212121211
0.003722727272727273
0.0
0.0
0.0
0.0
0.0
0.0
0.0
0.0
0.0
0.0
0.0
0.0
0.0
0.0
0.0
0.0
0.3775515151515149
0.22127272727272737
3.9308227272727283
2.481931818181818
2.3425621212121213
2.3593530303030295
2.3421575757575748
1.9654590909090912
0.9422757575757573
0.5904393939393938
0.37494848484848475
2.72509393939394
1.7463863636363646
0.28610151515151505
0.06914696969696967
0.0
0.0
0.0
0.0
0.0
0.0
0.0
0.0
0.0
0.39021212121212145
0.2542621212121212
4.207110606060606
3.6335545454545453
3.5833469696969704
1.1376227272727275
0.3560151515151513
0.07094545454545455
0.0
0.0
0.0
0.0
0.0
0.0
0.0
0.0
0.0
0.0
0.0
0.0
0.0
0.0
0.0
0.0
0.38326212121212183
0.11601363636363637
0.06500606060606061
0.004869696969696973
0.0
0.0
0.0
0.0
0.0
0.0
0.0
0.0
0.13577272727272727
0.18147272727272717
0.04369242424242425
0.00024545454545454545
0.0
0.0
0.0
0.0
0.0
0.0
0.0
0.0
0.4352000000000004
0.2105636363636364
1.604698484848483
0.44527575757575755
0.1414272727272727
0.0
0.0
0.0
0.0
0.0
0.0
0.0
0.0
0.0
0.0
0.0
0.0
0.0
0.0
0.0
0.0
0.0
0.0
0.0
0.0
0.0
0.0
0.0
0.0
0.0
0.0
0.0
0.0
0.0
0.0
0.0
0.0
0.0
0.0
0.0
0.0
0.0
0.0
0.0
0.0
0.0
0.0
0.0
0.0
2.232113636363636
0.7161818181818187
0.17100151515151538
0.0
0.0
0.0
0.0
0.0
0.0
0.0
0.0
0.0
0.0
0.0
0.0
0.0
0.0
0.0
0.0
0.0
0.0
0.0
0.5073984848484849
0.101069696969697
0.04438787878787881
2.2643287878787888
0.4354500000000001
0.08820606060606064
0.0
0.0
0.0
0.0
0.0
0.0
0.1693136363636363
0.05229696969696969
0.012209090909090909
0.0
0.0
0.0
0.0
0.0
0.0
0.0
0.0
0.0
0.0
0.4247515151515149
0.13375757575757574
0.22858636363636373
0.0
0.0
0.03753939393939395
0.06958181818181819
0.03876969696969696
0.0
0.0
0.0
0.007628787878787882
0.25527424242424257
0.21225000000000008
0.06318484848484852
0.0
0.0
0.0
0.4009681818181818
0.13720909090909095
0.014034848484848489
0.0005090909090909091
0.0
0.0
0.34703181818181755
0.13206515151515144
0.36217424242424245
0.023750000000000035
0.0
0.0
0.0
0.0
0.016413636363636363
0.10055757575757575
0.036078787878787884
0.03149545454545454
0.033201515151515155
0.0
0.0
0.0
0.0
0.0
0.0
0.0
0.0
0.0
0.0
0.0
0.33141212121212155
0.13413787878787875
0.48255303030303054
0.35988333333333355
0.07063636363636364
0.0
0.0
0.0
0.0
0.0
0.0
0.0
0.0
0.0
0.0
0.0
0.0
0.0
0.0
0.0
0.0
0.0
0.0
0.0
0.42941212121212086
0.1562469696969697
0.39482424242424247
0.3177424242424241
0.1010469696969696
0.0
0.0
0.0
0.0
0.0
0.0
0.0
0.0
0.0
0.0
0.0
0.0
0.0
0.0
0.0
0.0
0.0
0.0
0.4989560606060602
0.03131666666666665
0.0033984848484848503
0.0
0.0
0.0
0.0
0.0
0.0
0.0
0.0
0.0
0.0
0.0
0.0
0.0
0.0
0.0
0.4362
0.15260757575757586
0.01588787878787879
0.0021893939393939363
0.0
0.0
0.0
0.0
0.0
0.0
0.0
0.0
0.0
0.0
0.0
0.0
0.0
0.0
0.0
0.0
0.0
0.0
0.0
0.0
0.0
0.0
0.0
0.0
0.0
1.858265151515151
0.7080303030303031
0.19050454545454543
0.24653484848484838
2.914431818181819
0.6938590909090907
0.30333333333333323
0.19296060606060628
0.07856060606060601
0.0
0.0
0.0
0.0
0.0
0.0
0.0
0.0
0.0
0.0
0.0
0.0
0.0
0.0
0.0
0.0
0.48848181818181796
0.0620075757575758
0.41677878787878764
2.8506227272727274
0.6267439393939392
0.19511969696969703
0.0
0.0
0.0
0.0
0.0
0.0
0.0
0.0
0.0
0.0
0.0
0.0
0.0
0.0
0.0
0.0
0.0
0.0
0.20216515151515183
0.23690606060606054
0.13687575757575754
0.24614242424242433
0.21560454545454544
0.08229545454545463
0.0
0.0
0.0
0.0
0.0
0.0
0.0
0.0
0.0
0.0
0.0
0.0
0.0
0.0
0.0
0.0
0.0
0.0
0.48978636363636335
0.09986515151515153
0.18520606060606057
2.995942424242426
0.9717484848484848
0.32444999999999985
0.00803181818181819
0.0
0.0
0.0
0.0
0.0
0.0
0.0
0.0
0.0
0.0
0.0
0.0
0.28701060606060635
0.1752803030303031
0.018480303030303034
0.001053030303030303
0.0
0.0
0.41593181818181846
0.1878136363636364
2.3558939393939387
0.43550909090909085
0.08355454545454545
0.0
0.0
0.0
0.0
0.0
0.0
0.0
0.0
0.0
0.0
0.0
0.0
0.0
0.0
0.2775136363636361
0.1547803030303031
0.015272727272727271
0.0007181818181818182
0.0
0.0
0.0
0.0
0.0
0.0
0.0
0.0
0.0
0.0
0.0
0.0
0.0
0.0
0.0
0.0
0.0
0.0
0.0
0.0
0.0
0.0
0.0
0.0
0.0
0.0
0.0
0.0
0.0
0.0
0.0
0.0
0.0
0.0
0.0
0.0
0.0
0.0
0.0
0.0
0.0
0.0
0.0
0.0
0.0
0.0
0.0
0.0
0.0
0.3670939393939388
0.24536969696969696
0.32233333333333336
0.0
0.0
0.0
0.0
0.0
0.0
0.015354545454545454
0.2851818181818182
0.03648636363636364
0.006609090909090909
0.0
0.0
0.0
0.0
0.0
0.0
0.0
0.0
0.0
0.0
0.0
0.4827242424242418
0.14545710553814
0.03977727272727272
0.004227272727272727
0.0
0.0
0.0
0.0
0.0
0.0
0.0
0.0
0.0
0.0
0.0
0.0
0.0
0.0
0.0
0.0
0.0
0.0
0.0
0.0
0.3967212121212121
0.13349242424242422
0.26837878787878794
0.0
0.0
0.0
0.0
0.0
0.0
0.0
0.0
0.0
0.19922575757575753
0.16373030303030306
0.04285303030303029
0.0
0.0
0.0
0.0
0.0
0.0
0.0
0.0
0.0
0.45261363636363644
0.16252121212121215
0.30295454545454553
0.0
0.0
0.0
0.0
0.0
0.0
0.0
0.0
0.0
0.0
0.0
0.0
0.0
0.0
0.0
0.0
0.0
0.0
0.0
0.0
0.0
0.3152015151515152
0.1739848484848485
0.4601348484848485
0.3557666666666666
0.09111818181818179
0.0
0.0
0.0
0.0
0.0
0.0
0.0
0.0
0.0
0.0
0.0
0.0
0.0
0.0
0.0
0.0
0.0
0.0
0.0
0.0
0.0
0.0
0.0
0.0
0.0
0.0
0.0
0.0
0.0
0.0
0.0
0.0
0.0
0.0
0.0
0.0
0.47416363636363634
0.10056818181818175
0.003001515151515155
0.0
0.0
0.0
0.10629090909090905
0.16458939393939404
0.06588636363636363
0.00789090909090909
0.0
0.0
0.0
0.0
0.0
0.0
0.0
0.0
0.0
0.0
0.0
0.5720257575757572
0.02296212121212121
0.0019318181818181817
0.0
0.0
0.0
0.33274848484848485
0.06875909090909088
0.05796060606060605
0.0
0.39644393939393935
1.1947075757575758
3.5766166666666668
2.5337893939393945
2.024878787878787
1.235000000000001
0.4390545454545452
0.07498939393939391
0.0
0.0
0.0
0.0
0.0
0.0
0.0
0.0
0.0
0.0
0.0
0.0
0.0
0.0
0.0
0.0
0.2928787878787882
1.474598484848488
3.7188257053291522
3.225359090909092
2.8944146812957157
2.8029515151515145
2.73319090909091
2.435609090909091
1.9466015151515152
1.9883378787878783
2.0469757575757574
2.0809515151515146
1.87245303030303
0.3737984848484851
0.08912727272727272
0.0
0.0
0.0
0.13774242424242428
0.06058636363636369
0.038500000000000006
0.0
0.0
0.0
0.25632727272727246
1.318298484848485
3.9121560606060584
3.276830303030303
3.340101515151514
3.37163181818182
3.162030303030301
3.139622727272726
3.1846409090909096
3.1543848484848493
3.1778151515151523
3.1518984848484837
2.8213439393939392
0.4971696969696968
0.1294757575757576
0.0
0.0
0.0
0.0
0.0
0.0
0.0
0.0
0.0
0.27064090909090904
2.280234848484851
4.386736363636362
4.020771753246752
3.8865227272727267
3.8915666666666655
3.900706844305121
3.8712893939393953
3.8750621212121215
3.707160606060606
3.5597409090909085
3.3072681818181824
2.120565151515152
0.4123333333333333
0.09998181818181827
0.0
0.0
0.0
0.12331060606060609
0.06127424242424246
0.04074393939393941
0.0
0.0
0.0
0.28641363636363576
1.260240909090909
3.8406454545454554
3.1284121212121208
3.1064242424242425
2.459842424242424
2.0797287878787896
2.0539242424242428
1.7200484848484856
1.8136863636363627
1.872681818181819
1.877266666666665
1.708227272727273
0.36275454545454544
0.08728484848484842
0.0
0.0
0.0
0.16901363636363637
0.09093939393939382
0.047860606060606055
0.0
0.0
0.0
0.0
0.0
0.0
0.0
0.0
0.0
0.0
0.0
0.0
0.0
0.0
0.0
0.0
0.0
0.0
0.0
0.0
0.0
0.0
0.0
0.0
0.0
0.0
0.0
0.0
0.0
0.0
0.0
0.0
0.0
0.0
0.0
0.0
0.0
0.0
0.0
0.0
0.0
0.5223378787878787
0.051754545454545435
0.01661818181818182
0.0
0.0
0.001190909090909091
0.03433939393939392
0.04178333333333332
0.006692424242424242
0.0
0.35297272727272727
0.16721515151515148
2.59820606060606
1.416346969696968
1.285256060606061
1.281478787878788
1.3330696969696973
1.2565893939393937
0.49577424242424256
0.14244242424242426
0.0
0.0
0.09561666666666672
0.2154575757575757
0.05353787878787879
0.0032939393939393907
0.0
0.0
0.0
0.0
0.0
0.0
0.0
0.0
0.29245757575757575
0.19753181818181825
2.9214950888192273
1.4057166666666654
0.7543893939393936
0.2652984848484849
0.0
0.0
0.0
0.0067
0.07990606060606055
0.2667212121212123
0.21460606060606055
0.0775378787878788
0.05336969696969695
0.0
0.0
0.0
0.0
0.0
0.0
0.0
0.0
0.0
0.40152727272727323
0.1450712121212122
3.1098621212121214
1.7560856844305128
1.5755893939393937
1.0946409090909097
0.38570303030303016
0.06249848484848491
0.0
0.0
0.0
0.05028484848484846
0.2712060606060606
0.1385227272727274
0.018324242424242437
0.0
0.0
0.0
0.0
0.5494363636363635
0.04301969696969698
0.004962121212121213
0.0
0.0
0.33116666666666666
0.1474
2.5986272727272737
1.3250863636363646
0.7462181818181826
0.24426666666666666
0.045909090909090906
0.0
0.0019636363636363636
0.17879242424242428
0.045510606060606064
0.016345454545454545
0.0
0.0
0.0
0.0
0.0
0.0
0.0
0.0
0.0
0.0
0.0
0.0
0.3084772727272728
0.20355303030303043
3.4308818181818186
2.473422727272727
0.9797696969696968
0.2682378787878787
0.01100151515151518
0.0
0.0
0.038115151515151505
0.19102121212121217
0.044042424242424244
0.01139393939393938
0.0
0.0
0.0
0.0
0.0
0.0
0.0
0.0
0.0
0.0
0.0
0.0
0.0
0.0
0.0
0.0
0.0
0.0
0.0
0.0
0.0
0.0
0.0
0.0
0.0
0.0
0.0
0.0
0.0
0.0
0.0
0.0
0.0
0.0
0.0
0.0
0.0
0.0
0.0
0.0
0.0
0.0003363636363636364
0.32784696969696936
0.02263030303030304
0.0017181818181818181
0.0
0.0
0.0
0.0
0.016069696969697
0.18711666666666663
0.03398787878787879
0.0160909090909091
0.0
0.0
0.0
0.0
0.0
0.0
0.37647878787878725
0.6459303030303024
4.560507575757575
3.838787878787878
1.3508606060606054
0.35272272727272713
0.042336363636363665
0.0
0.0
0.0
0.0
0.2665151515151516
0.1282833333333333
0.020948484848484848
0.001
0.0
0.0
0.0
0.0
0.0
0.0
0.48746515151515124
0.06992575757575753
0.008962121212121208
0.3059136363636364
0.4578664102564103
4.28981212121212
2.7430151515151517
0.782539393939394
0.2392954545454545
0.0
0.0
0.0
0.0
0.0
0.26868939393939395
0.08614090909090909
0.02020909090909091
0.0
0.0
0.0
0.21502424242424237
0.18390000000000004
0.031271212121212116
0.0018181818181818182
0.0
0.0
0.0
0.4039924242424242
0.8426499999999997
3.7044212121212117
2.865981818181818
1.2328727272727271
0.3375607105538141
0.03938787878787879
0.0
0.0
0.13757727272727283
0.14178333333333337
0.21782727272727262
0.0
0.0
0.0
0.0
0.0
0.09836515151515145
0.021531818181818183
0.004216666666666666
0.15771818181818184
0.034728787878787866
0.006345454545454546
0.0
0.3956409090909091
0.18255454545454539
3.128915464994776
2.062412198253724
0.566051515151515
0.18879393939393943
0.0
0.0
0.0
0.0
0.0
0.0
0.1465030303030303
0.040980303030303034
0.008772727272727272
0.0
0.0
0.1788227272727273
0.08538636363636365
0.05323939393939395
0.0
0.0
0.0
0.0
0.3754954545454547
0.5448151515151515
3.1407893939393934
1.9190893939393945
0.8047439393939392
0.3106924242424244
0.0
0.0
0.0
0.0
0.0
0.24126666666666663
0.20823939393939384
0.24328030303030312
0.10346818181818183
0.0
0.0
0.0
0.0
0.0
0.0
0.0
0.0
0.0
0.0
0.0
0.0
0.0
0.0
0.0
0.0
0.0
0.0
0.0
0.0
0.0
0.38989999999999975
0.1227818181818181
0.013263636363636365
0.0003363636363636364
0.0
0.0
0.0
0.3202757575757575
0.050627272727272736
0.04086969696969698
0.0
0.0
0.0
0.0
0.0
0.0
0.0
0.0
0.0
0.0
0.0
0.0
0.0
0.0
0.0
0.0
0.42571212121212143
0.0853075757575758
0.010828787878787882
0.0
0.0
0.0
0.0
0.3812424242424242
0.04962424242424244
0.03389393939393938
0.39492272727272726
1.1499257575757575
3.935584378265413
2.6278000000000015
2.183477272727273
1.0535318181818178
0.3214424242424242
0.010137878787878819
0.0
0.0
0.0
0.11225
0.3724484848484849
0.17511060606060613
0.020410606060606042
0.0
0.0
0.0
0.0707
0.30104090909090897
0.04925151515151516
0.019659090909090907
0.0
0.0
0.33919090909090904
1.8429848484848486
4.548103030303029
3.946318181818182
2.741642424242423
1.9096681818181829
0.7244606060606065
0.17198939393939386
0.0
0.0
0.0
0.0
0.0
0.0
0.0
0.0
0.0
0.0
0.08007727272727264
0.08670454545454544
0.04638636363636364
0.0
0.0
0.0
0.3458424242424243
0.1507863636363636
1.9335318181818189
0.45628484848484835
0.13585909090909098
0.0
0.0
0.0
0.0
0.0
0.0
0.0
0.0
0.0
0.0
0.0
0.0
0.0
0.0
0.0
0.0
0.0
0.0
0.0
0.43294848484848525
0.17526666666666682
1.6827560606060599
0.4388015151515154
0.13605303030303026
0.0
0.0
0.0
0.0
0.0
0.05727575757575762
0.13733787878787876
0.026219696969696973
0.0018560606060606063
0.0
0.0
0.0
0.0
0.0
0.0
0.0
0.0
0.0
0.0
0.41051666666666725
0.12391363636363639
0.24579545454545473
0.0
0.0
0.0
0.0
0.0
0.0
0.0
0.14962575757575755
0.03321060606060606
0.020181818181818183
0.0
0.0
0.0
0.0
0.0
0.0
0.0
0.0
0.0
0.0
0.0
0.0
0.0
0.0
0.0
0.0
0.0
0.0
0.0
0.0
0.0
0.0
0.0
0.0
0.0
0.0
0.0
0.0
0.0
0.0
0.0
0.0
0.0
0.0
0.0
0.0
0.0
0.0
0.0
0.0
0.0
0.0
0.0
0.0
0.0
0.0
0.0
0.0
0.0
0.0
0.0
0.0
0.0
0.0
0.0
0.0
0.0
0.0
0.0
0.5242696969696964
0.1357787878787879
0.06966515151515154
0.0036545454545454546
0.0
0.0
0.0
0.0
0.0
0.0
0.0
0.14005454545454546
0.07272121212121217
0.015001515151515155
0.0
0.0
0.0
0.0
0.0
0.0
0.0
0.0
0.0
0.0
0.45151363636363606
0.14248787878787894
0.06151442006269594
0.0020363636363636365
0.0
0.16448787878787877
0.06924049111807734
0.02535454545454545
0.0
0.0
0.160319696969697
0.054927272727272713
0.02448636363636364
0.0
0.0
0.0
0.0
0.0
0.0
0.0
0.0
0.0
0.0
0.0
0.451583333333333
0.16085151515151516
0.24262272727272738
0.0
0.0
0.006183333333333336
0.2340257575757576
0.03877878787878789
0.04320606060606061
0.030927272727272716
0.018613636363636363
0.03286969696969698
0.1557227272727273
0.23872424242424237
0.06798636363636361
0.0
0.0
0.0
0.0
0.0
0.0
0.0
0.0
0.0
0.4228181818181818
0.16147575757575752
0.2630651515151516
0.0
0.0
0.0
0.0
0.0
0.0
0.004372727272727273
0.20091969696969716
0.03668181818181818
0.021806060606060607
0.0
0.0
0.0
0.0
0.0
0.0
0.0
0.0
0.0
0.0
0.0
0.4992878787878791
0.14437878787878777
0.16248787878787874
0.00027575757575757547
0.0
0.0
0.0
0.0
0.0
0.0
0.0
0.0
0.0
0.0
0.0
0.0
0.0
0.0
0.0
0.0
0.0
0.0
0.0
0.0
0.0
0.0
0.0
0.0
0.0
0.0
0.0
0.0
0.0
0.0
0.0
0.0
0.0
0.0
0.0
0.0
0.0
0.0
0.0
0.0
0.0
0.0
0.0
0.0
0.29612121212121206
0.05704090909090911
0.013236363636363636
0.0
0.0
0.0
0.0
0.0
0.0
0.0
0.0
0.0
0.0
2.384309090909091
0.43798939393939396
0.1199030303030304
0.0
0.0
0.0
0.0
0.0
0.0
0.0
0.8272333333333338
0.18154090909090914
0.23083333333333325
0.32270454545454536
0.07118939393939397
0.0
0.0
2.921124242424243
1.1868030303030306
0.1648378787878787
0.02086515151515152
0.0
0.045254545454545436
0.2000121212121212
0.1824166666666667
0.07258787878787881
0.0
0.0
0.0
0.0
0.0
0.0
0.0
0.0
0.0
0.4109954545454546
0.18216060606060608
0.2524227272727273
0.0
0.0
0.0
0.07089090909090912
0.04923030303030302
0.09388181818181823
0.07847878787878783
0.032769696969696956
0.0
0.0
0.0
0.0
0.0
0.0
0.0
0.0
0.0
0.0
0.0
0.0
0.0
0.40926060606060594
0.13040303030303027
0.24421515151515158
0.0
0.0
0.07378787878787872
0.06185303030303031
0.03302727272727273
0.02277424242424243
0.023659090909090918
0.02076969696969696
0.10720606060606061
0.10655454545454553
0.018463636363636363
0.0010636363636363636
0.0
0.0
0.0
0.0
0.0
0.0
0.0
0.0
0.0
0.4141212121212119
0.15558484848484852
0.2798863636363637
0.0
0.0
0.0
0.0
0.11897878787878792
0.0509348484848485
0.08036060606060604
0.0
0.0
0.0
0.0
0.0
0.0
0.0
0.0
0.0
0.0
0.0
0.0
0.0
0.0
0.36427272727272725
0.14949696969696974
0.6302045454545454
0.7215151515151514
4.789374242424242
2.069643939393941
1.79316212121212
2.529065151515151
2.6618545454545455
2.7747757575757572
1.1907212121212114
0.34067121212121215
0.06990757575757572
0.0
0.0
0.0
0.0
0.0
0.07560606060606054
0.0931378787878788
0.053581818181818223
0.0
0.0
0.0
0.0
0.0
0.0
0.0
0.0
0.0
0.0
0.0
0.0
0.0
0.0
0.0
0.0
0.0
0.0
0.011540909090909091
0.03648333333333334
0.04623030303030302
0.0
0.0
0.0
0.0
0.0
0.0
0.0
0.043953030303030306
0.05265606060606061
0.011684848484848492
0.0
0.0
0.0
0.0
0.0
0.0
0.0
0.022166666666666637
0.1331151515151515
0.05562727272727273
0.004709090909090909
0.0
0.1027909090909091
0.10496818181818181
0.04962424242424243
0.0
0.0
0.0
0.0
0.0
0.23011515151515158
2.9276181818181786
9.222874242424243
6.395168181818181
5.348857575757575
4.531237878787881
3.859424242424244
3.3106893939393958
3.456745454545455
3.0755924242424233
3.4595954545454557
4.021842424242424
2.11299393939394
0.20515909090909099
0.0406666666666667
0.0
0.0
0.09788636363636359
0.11031212121212115
0.04538181818181818
0.0
0.0
0.0
0.21249545454545454
0.2944090909090908
1.9656939393939366
8.174198484848484
4.940737878787881
3.870266666666667
3.8399651515151505
3.7904924242424243
3.7741181818181815
3.830872727272728
4.01790909090909
3.888428787878787
3.94355909090909
1.9598621212121203
0.18393333333333334
0.03402878787878788
0.0
0.0
0.0
0.3288212121212121
0.056234848484848436
0.024522727272727255
0.0
0.0
0.0
0.35297878787878784
1.1812257575757583
6.463324242424243
3.5125469696969702
3.13504393939394
2.941539393939394
2.783766666666668
2.80028181818182
2.8384166666666686
0.6101606060606061
1.289649999999999
1.2524772727272737
0.5206015151515154
0.28846212121212117
0.09839545454545462
0.0
0.0
0.05063636363636359
0.07180151515151513
0.03555303030303031
0.0
0.0
0.0
0.11834848484848483
0.33913787878787877
2.6166318181818187
7.214583333333338
6.280039393939395
4.915118181818181
3.218380303030304
2.975146969696968
2.5810924242424247
2.304624242424242
2.3086
2.6586424242424247
2.576275757575758
0.5276333333333333
0.1427984848484848
0.0
0.0
0.0
0.20345454545454542
0.15979545454545463
0.044319696969696974
0.0072469696969697
0.0
0.0
0.25638181818181804
0.2901227272727273
3.0338409090909098
9.02113787878788
6.279428787878789
4.804324242424243
1.9279469696969693
0.4121
0.12480151515151516
0.0
0.0
0.0
1.3411742424242412
3.0191939393939404
0.4730757575757577
0.12571363636363644
0.0
0.0
0.0
0.3124666666666668
0.06557121212121214
0.025842424242424254
0.0
0.0
0.0
0.18966969696969696
0.07743939393939392
0.05608333333333335
0.0
0.0
0.0
0.378310606060606
0.06001363636363639
0.01625
0.0
0.0
0.06972424242424237
0.09730909090909097
0.05047575757575759
0.0
0.0
0.0
0.0
0.0
0.0
0.0
0.0
0.0
0.0
0.0
0.0
0.0
0.0
0.0
0.0
0.0
0.0
0.0
0.0
0.0
0.0
0.0
0.0
0.0
0.0
0.0
0.0
0.0
0.0
0.05597575757575755
0.0853106060606061
0.046925757575757586
0.0
0.25776666666666637
1.0083909090909091
3.253424242424242
2.3771954545454546
2.0776939393939373
1.0674424242424243
0.4209015151515153
0.10443636363636372
0.0
0.0
0.0
0.0
0.0
0.0
0.0
0.0
0.0
0.0
0.03756666666666663
0.11045909090909097
0.02457272727272727
0.001162121212121209
0.0
0.0
0.30949848484848447
0.4668409090909094
4.180501515151513
3.583471212121212
3.4722833333333343
2.5107181818181825
1.7624651515151528
2.125292424242425
0.8324606060606059
0.2946484848484848
0.0
0.0
0.0
0.0
0.0
0.0
0.0
0.0
0.0
0.0
0.0
0.0
0.0
0.0
0.36943181818181786
0.19996363636363643
3.603919696969698
2.876318181818181
2.095512121212122
1.2289818181818182
0.5310757575757575
0.19566060606060598
0.0
0.0
0.0
1.1335227272727273
1.9682318181818184
0.41243636363636366
0.10978333333333347
0.0
0.0
0.0
0.0
0.13803181818181814
0.09141212121212124
0.02421818181818182
0.0
0.0
0.31037575757575725
0.6090712121212122
3.967874242424243
3.4361090909090914
2.4749075757575745
0.8018566666666667
0.2553484848484848
0.0
0.0
0.0
0.1489772727272727
0.4403560606060605
0.2624121212121214
0.17766212121212127
0.09056515151515152
0.0
0.0
0.0
0.2303666666666665
0.06991212121212122
0.019978787878787877
0.0
0.0
0.0
0.38134848484848455
0.19129696969696974
3.459336363636363
2.6703424242424236
2.340260606060606
4.879922727272728
2.628413636363637
2.543686363636364
2.118568181818183
1.9537499999999997
2.538356060606059
3.2785439393939386
2.7126848484848485
0.3355712121212121
0.15228484848484847
0.0
0.0
0.0
0.0
0.0
0.0
0.0
0.0
0.0
0.0
0.0
0.0
0.0
0.0
0.0
0.0
0.0
0.0
0.0
0.0
0.0
0.0
0.0
0.0
0.0
0.0
0.0
0.0
0.0
0.0
0.0
0.0
0.0
0.0
0.0
0.0
0.0
0.0
0.0
0.0
0.0
0.0
0.0
0.0
0.0
0.0
0.0
0.0
0.0
0.0
0.0
0.0
0.0
0.0
2.873643939393936
0.5786924242424246
0.15037727272727272
2.065884848484849
1.748831818181818
2.9715030303030314
3.082574242424243
2.6176348484848484
2.274375757575759
1.337946969696971
0.3102424242424242
0.06956515151515145
0.0
0.7583484848484854
0.4601166666666668
1.6312757575757566
0.28449090909090907
0.07341818181818187
0.0
0.0
0.0
0.0
0.0
2.5216454545454536
0.4921287878787879
0.21481969696969702
0.0
1.4908893939393943
1.6270590909090918
3.094
3.3554651515151517
2.781609090909091
1.8633575757575758
0.6960060606060607
0.22162878787878793
0.0
0.0
0.5063560606060609
0.8000409090909092
0.2521378787878788
0.04163939393939398
0.0
0.0
0.0
0.0
0.0
2.345122727272728
0.3279590909090908
0.11581212121212127
0.0
0.0
1.1903833333333338
1.4420696969696967
3.481786363636365
3.8482727272727293
3.432989393939394
2.839848484848483
2.1384060606060604
2.029530303030304
1.4875409090909082
1.2334666666666672
1.343799999999999
1.8669303030303026
2.523987878787877
0.35881363636363656
0.17195454545454547
0.0
0.0
0.0
0.0
0.0
0.0
0.0
0.0
0.0
1.0391181818181818
2.1306424242424247
6.335889393939393
6.228257575757576
5.538987878787879
3.6943681818181813
2.5942333333333334
1.637230303030303
1.3856545454545446
1.6671045454545435
2.530995454545455
3.7976045454545457
3.7925106060606057
0.4209318181818183
0.19046363636363636
0.0
0.0
0.0
0.0
0.0
0.0
0.0
0.0
0.0
0.8304560606060608
1.7313060606060608
4.314993939393941
4.747496969696971
4.183869696969698
1.757574242424242
0.8527287878787877
2.036924242424243
2.895121212121212
3.2909787878787897
3.526918181818182
3.484048484848485
2.7779121212121214
0.39641515151515155
0.10005909090909099
0.0
0.0
0.0
0.0007363636363636363
0.316948484848485
0.05987121212121214
0.014433333333333336
0.0
0.0
0.0
0.0504227272727273
0.13775757575757577
0.048228787878787864
0.005054545454545454
0.0
0.0
0.0
0.0
0.0
0.0
0.0
0.0
0.0
0.0
0.0
0.0
0.0
0.0
0.0
0.0
0.0
0.0
0.0
0.0
0.0
0.0
0.0
0.0
0.0
0.0
0.0
0.0
0.0
0.0
0.0
0.0
0.0
0.0
0.0
0.0
0.0
0.0
0.0
0.0
0.0
0.0
0.0
0.33613030303030295
1.424931818181818
4.481363636363638
4.28924696969697
4.255821212121211
3.7403333333333335
3.314957575757576
3.077707575757576
2.792621212121211
2.4080303030303027
2.323381818181817
3.5194484848484846
3.308877272727272
0.45642121212121195
0.11995303030303046
0.0
0.0
0.0
0.193719696969697
0.13773939393939397
0.027209090909090915
0.0010363636363636365
0.0
0.0
0.45872424242424253
1.6808545454545425
4.964457575757577
4.9335469696969705
4.674178787878788
3.6710787878787885
2.76735
1.8165272727272737
1.9036545454545442
2.0156136363636374
2.0737454545454543
2.2343863636363634
2.041672727272729
0.35753333333333326
0.08758484848484843
0.0
0.0
0.0
0.0
0.010416666666666673
0.3241348484848486
0.04271060606060607
0.007019696969696973
0.0
0.38876363636363637
0.18146515151515155
3.278034848484849
2.4134272727272728
2.1053075757575765
2.0370863636363636
2.071639393939394
1.5899636363636374
1.6861272727272718
1.6299848484848483
1.3807484848484846
1.2937196969696965
1.0294196969696963
0.26714242424242424
0.05662727272727273
0.0
0.0
0.0
0.0
0.0
0.0
0.0
0.0
0.0
0.5306909090909091
0.1826136363636364
1.318080303030303
0.726771212121212
1.0466712121212127
0.7862666666666669
0.29114545454545443
0.020254545454545456
0.3544333333333336
1.5303772727272729
0.822221212121212
0.4985666666666665
0.2015075757575758
0.0
0.0
0.0
0.0
0.0
0.0
0.0
0.0
0.0
0.0
0.0
0.4512227272727269
0.16016515151515137
1.91185606060606
1.2745803030303027
1.3304575757575774
1.563828787878788
1.1688227272727274
1.057922727272728
1.0239939393939392
1.0823030303030299
1.0839772727272718
1.2251439393939392
1.3350106060606053
0.38041515151515154
0.10139696969696979
0.0
0.0
0.0
0.0
0.0
0.0
0.0
0.0
0.0
0.0
0.1364
0.22470909090909078
0.016822727272727274
0.0012
0.0
0.0
0.0
0.0
0.0
0.0
0.0
0.0
0.0
0.0
0.0
0.0
0.0
0.0
0.0
0.0
0.6204090909090909
2.8626257575757537
0.25308636363636383
0.04192727272727273
0.0
0.0
0.0
0.0
0.0
0.0
0.0
0.0
0.0
0.0
0.027413636363636362
0.1988848484848485
0.007912121212121216
9.090909090909091e-06
0.0
0.0
0.0
0.0
0.0
0.0
1.0851060606060605
0.08257575757575761
0.015707575757575757
0.2808484848484845
0.19825606060606046
3.260524242424242
2.447675757575757
2.5078772727272725
2.1780803030303026
2.0746106060606064
1.8715045454545454
1.664734848484848
1.6467984848484845
1.671521212121212
1.7479999999999998
1.5663363636363634
0.3465833333333333
0.088
0.0
0.0
0.0
0.0
0.0
0.2634590909090911
0.06052727272727276
0.01339090909090909
0.0
0.3002545454545455
0.1726106060606061
2.8582651515151523
1.7403575757575764
1.6622227272727275
1.061171212121212
0.395889393939394
0.0997
0.0
0.0
0.0
0.0
0.0
0.0
0.0
0.0
0.0
0.0
0.0
0.0
0.0
0.0
0.0
0.0
0.44110909090909123
0.19868787878787877
2.856571212121211
2.1231333333333335
1.9780772727272717
1.8759015151515153
1.5852878787878792
1.5035106060606045
1.4661333333333337
1.2716439393939398
1.5367121212121218
1.8976075757575757
2.0865803030303027
0.4403166666666666
0.11565606060606061
0.0
0.0
0.0
0.2147227272727273
0.13588939393939403
0.03219696969696969
0.0026318181818181818
0.0
0.0
0.38458181818181836
0.21982878787878787
3.594072727272726
2.5940136363636372
2.440396969696969
1.9247333333333332
0.5962075757575758
0.22375606060606062
0.0
0.0
0.0
0.45288636363636364
1.1920166666666654
0.3333636363636364
0.08682272727272732
0.0
0.0
0.0
0.49115000000000014
0.07336060606060608
0.01659545454545455
0.0
0.0
0.0
0.4417545454545454
0.17807727272727267
3.817387878787878
2.943275757575759
3.2690242424242415
3.2326015151515155
3.308184848484848
3.3600363636363637
3.34030606060606
3.0112833333333326
2.375801515151515
2.352996969696969
1.6464242424242423
0.31801969696969684
0.07374545454545454
0.0
0.0
0.0
0.0
0.0
0.0
0.0
0.0
0.0
0.0
0.0
0.0
0.0
0.0
0.0
0.0
0.0
0.0
0.0
0.0
0.0
0.0
0.0
0.0
0.0
0.0
0.0
0.0
3.8666969696969673
0.982242424242424
0.2032136363636364
0.010574242424242455
0.0
0.0
0.0
0.0
0.0
0.0
0.0
0.0
0.0
0.0
0.0
0.43449393939393915
0.022219696969696973
0.0003348484848484849
0.0
0.0
0.0
0.48004848484848545
0.12805454545454545
0.012222727272727274
0.0009454545454545463
0.0
0.037448484848484814
0.17600606060606055
0.03839696969696969
0.16731666666666664
0.970263636363637
4.276686363636364
3.6358015151515146
3.558931818181818
3.309415151515152
2.8068257575757567
2.02985909090909
1.348543939393939
1.5428287878787872
1.7305757575757574
2.332593939393941
2.3321727272727264
0.42564848484848494
0.11273484848484851
0.0
0.0
0.0
8.181818181818182e-05
0.42542272727272734
0.051603030303030324
0.01104242424242425
0.0
0.0
0.3647272727272728
1.5114803030303063
4.51543787878788
4.102643939393942
3.968077272727273
3.3991621212121212
2.4895030303030294
2.0517818181818184
1.671903030303031
1.7613924242424246
2.0534363636363633
2.0973666666666664
1.897707575757577
0.3361121212121212
0.08174848484848492
0.0
0.0
0.0
0.007336363636363636
0.34716969696969713
0.040562121212121195
0.008809090909090909
0.0
0.0
0.440639393939394
1.7636287878787875
4.8941378787878795
4.950595454545454
4.9049499999999995
4.534975757575757
3.614198484848485
3.0292121212121206
2.5174484848484844
2.5234136363636352
2.719037878787879
3.2081166666666663
3.1069681818181816
0.45065151515151486
0.11954696969696975
0.0
0.0
0.0
0.23307727272727277
0.15973787878787887
0.030069696969696965
0.008060606060606055
0.0
0.0
0.4002833333333337
0.3800136363636364
3.9987393939393954
3.41005303030303
3.283919696969697
3.267356060606062
2.82609696969697
2.6587954545454546
2.536256060606061
2.4895772727272716
2.5076878787878782
2.886663636363637
3.231924242424243
0.43553181818181824
0.1142696969696969
0.0
0.0
0.0
