0.0
0.0
0.0
0.0
0.0
0.0
0.0
0.0
0.0
0.0
0.0
0.0
0.0
0.0
0.0
0.0
0.0
0.0
0.0
0.0
0.0
0.0
0.0
0.0
0.0
0.0
0.0
0.0
0.0
0.0
0.0
0.0
0.0
0.0
0.0
0.0
0.0
0.0
0.0
0.0
0.0
0.0
0.0
0.0
0.0
0.0
0.0
0.0
0.0
0.0
0.0
0.0
0.0
0.0
0.0
0.0
0.0
0.0
0.0
0.0
0.0
0.0
0.0
0.0
0.0
0.0
0.0
0.0
0.0
0.0
0.0
0.0
0.0
0.0
0.0
0.0
0.0
0.0
0.0
0.0
0.0
0.0
0.0
0.0
0.0
0.0
0.0
0.0
0.0
0.0
0.0
0.0
0.0
0.0
0.0
0.0
0.0
0.0
0.0
0.0
0.0
0.0
0.0
0.0
0.0
0.0
0.0
425.2175222774618
2049.6603090909102
2001.8194183712126
1932.29277840909
1860.4807441287883
1818.808851136364
1801.3399767045455
1833.3844626893936
1821.1846395833338
1797.1781392045464
1803.5041517045456
1806.3557579545452
1824.9415049242416
1797.3547111742419
1787.471986931818
1785.7299903409091
1795.4856827651515
1775.306139962121
1787.5482676136364
1771.181276893939
1794.6103504166658
1808.7950342803038
2025.5168405303034
2051.0368702651517
2049.968510984848
2044.3839481060597
2069.4755956439385
2080.386607954546
2077.5626267045454
2067.2511227272716
2085.6015032196974
2084.999970265153
2065.5894645833337
2078.937791287879
2069.9264342803035
2103.350166477273
2084.3273558712117
2090.1700941287863
2094.1120611742417
2078.5183392045465
2056.5353617424244
2050.81827310606
2066.4475820075754
2087.3157543560606
2082.461461553031
2083.0754666666685
2096.0058420454548
2106.921515909091
2078.5461842803024
2085.9011115530307
2100.4194010795445
2110.7126928030298
2100.7832003787885
2100.832884469696
2123.0320846590917
2105.8674623106062
2110.581193939394
2081.947189583333
2096.4439767045446
2086.132153977273
2073.3971520833325
2081.2446992424234
2075.043230113637
2082.275230681818
2059.869815530303
2060.599063825757
2091.189958541666
2100.2919520833343
2081.1471875
2062.8687073863634
2078.583946212122
2082.5203831439403
2091.52706780303
2086.410368371212
2048.7958282196973
2085.458605492425
2066.7781710227277
2077.6670776515143
2068.0323001893935
2101.7150742424237
2070.8772276515156
2081.5988422348482
2083.691691477273
2096.3398125
2087.3371554924247
2079.5803721590896
2084.7236829545454
2091.9142376893947
2098.6494348484844
2075.5512859848486
2070.798089791667
2085.945909469697
2122.9611710227273
2061.2884909090903
2102.9678221590907
2118.8647329545456
2085.2169462121215
2076.189557386364
2105.808720454545
2106.0620136363636
2113.73410625
2123.3672143939393
2137.700863825757
1863.9221305271958
0.0
0.0
0.07115769264914773
1.2674849998705273
0.0
0.0
0.0
0.0
0.0
0.0
0.0
0.0
0.0
0.0
0.0
0.0
0.0
0.0
0.0
0.0
0.0
0.0
0.0
0.0
0.0
0.0
0.0
0.0
0.0
0.0
0.0
0.0
0.0
0.0
0.0
0.0
0.0
0.0
0.0
0.0
0.0
0.0
0.0
0.0
0.0
0.0
0.0
0.0
0.0
0.0
0.0
0.0
11.735414772727273
0.0
0.0
0.0
0.0
0.0
0.0
0.0
0.0
1.4160773496685637
0.0
0.0
0.0
0.0
0.0
0.0
0.0
0.0
0.0
0.0
0.0
0.0
0.0
0.0
0.0
0.0
0.0
0.0
0.0
0.0
0.0
0.0
0.0
0.0
0.0
0.0
0.0
0.0
0.0
0.0
0.0
0.0
0.0
0.0
0.0
0.0
0.0
0.0
0.0
0.0
0.0
0.0
0.0
0.0
0.0
0.0
0.0
0.0
0.0
0.0
0.0
0.0
0.0
0.0
0.0
0.0
0.0
0.0
0.0
0.0
0.0
0.0
0.0
0.0
0.0
0.0
0.0
0.0
0.0
0.0
0.0
0.0
0.0
0.0
0.0
0.0
0.0
0.0
0.0
0.0
0.0
0.0
0.0
0.0
0.0
0.0
0.0
0.0
0.0
0.0
0.0
0.0
0.0
0.0
0.0
0.0
0.0
0.0
0.0
0.0
0.0
0.0
0.0
0.0
0.0
0.0
0.0
0.0
0.0
0.0
0.0
0.0
0.0
0.0
0.0
0.0
0.0
0.0
0.0
0.0
0.0
0.0
0.0
0.0
0.0
0.0
0.0
0.0
0.0
0.0
0.0
0.0
0.0
0.0
0.0
0.0
0.0
0.0
0.0
0.0
0.0
0.0
0.0
0.0
0.0
0.0
0.0
0.0
0.0
0.0
0.0
0.0
0.0
0.0
0.0
0.0
0.0
0.0
0.0
0.0
0.0
0.0
0.0
0.0
0.0
0.0
0.0
0.0
0.0
0.0
0.0
0.0
0.0
0.0
0.0
0.0
0.0
0.0
0.0
0.0
0.0
0.0
0.0
0.0
0.0
0.0
0.0
0.0
0.0
0.0
0.0
0.0
0.0
0.0
0.0
0.0
0.0
0.0
0.0
0.0
0.0
0.0
0.0
0.0
0.0
0.0
0.0
0.0
0.0
0.0
0.0
0.0
0.0
0.0
0.0
0.0
0.0
0.0
0.0
0.0
0.0
0.0
0.0
0.0
0.0
0.0
0.0
0.0
0.0
0.0
0.0
0.0
0.0
0.0
0.0
0.0
0.0
0.0
0.0
0.0
0.0
0.0
0.0
0.0
0.0
0.0
0.0
0.0
0.0
0.0
0.0
0.0
0.0
0.0
22.885488636363636
0.0
0.0
0.0
0.0
0.0
0.0
0.0
0.0
0.0
0.0
0.0
0.0
0.0
0.0
0.0
0.0
0.0
0.0
0.0
0.0
0.0
0.0
0.0
0.0
0.0
0.0
0.0
0.0
0.0
0.0
0.0
0.0
0.0
0.0
0.0
0.0
0.0
0.0
0.0
0.0
0.0
0.0
0.0
0.0
0.0
0.0
0.0
0.0
0.0
0.0
0.0
0.0
0.0
0.0
0.0
0.0
0.0
0.0
0.0
0.0
0.0
0.0
0.0
0.0
0.0
0.0
0.0
0.0
0.0
0.0
0.0
0.0
0.0
0.0
0.0
0.0
0.0
0.0
0.0
0.0
0.0
0.0
0.0
0.0
0.0
0.0
0.0
0.0
0.0
0.0
0.0
0.0
0.0
0.0
0.0
0.0
0.0
0.0
0.0
0.0
0.0
0.0
0.0
0.0
0.0
0.0
0.0
0.0
0.0
0.0
0.0
0.0
0.0
0.0
0.0
0.0
0.0
0.0
0.0
0.0
0.0
0.0
0.0
0.0
0.0
0.0
0.0
0.0
0.0
0.0
0.0
0.0
0.0
0.0
0.0
0.0
0.0
0.0
0.0
0.0
0.0
0.0
0.0
0.0
0.0
0.0
0.0
0.0
0.0
0.0
0.0
0.0
0.0
0.0
0.0
0.0
0.0
0.0
0.0
0.0
0.0
0.0
0.0
0.0
0.0
0.0
0.0
0.0
0.0
0.0
0.0
0.0
0.0
0.0
0.0
0.0
0.0
0.0
0.0
0.0
0.0
0.0
0.0
0.0
0.0
0.0
0.0
0.0
0.0
0.0
0.0
0.0
0.0
0.0
0.0
0.0
0.0
0.0
0.0
0.0
0.0
0.0
0.0
0.0
0.0
0.0
0.0
0.0
0.0
0.0
0.0
0.0
0.0
0.0
0.0
0.0
0.0
0.0
0.0
0.0
0.0
0.0
0.0
0.0
0.0
0.0
0.0
0.0
0.0
0.0
0.0
0.0
0.0
0.0
0.0
0.0
0.0
0.0
0.0
0.0
0.0
0.0
0.0
0.0
0.0
0.0
0.0
0.0
0.0
0.0
0.0
0.0
0.0
0.0
0.0
0.0
0.0
0.0
0.0
0.0
0.0
0.0
0.0
0.0
0.0
0.0
0.0
0.0
0.0
0.0
0.0
0.0
0.0
0.0
0.0
0.0
0.0
0.0
0.0
0.0
0.0
0.0
0.0
0.0
0.0
0.0
0.0
0.0
0.0
0.0
0.0
0.0
0.0
0.0
0.0
0.0
0.0
0.0
0.0
0.0
0.0
0.0
0.0
0.0
0.0
0.0
0.0
0.0
0.0
0.0
0.0
0.0
0.0
0.0
0.0
0.0
0.0
0.0
0.0
0.0
0.0
19.471188068181817
11.50288330965909
0.0
0.0
0.0
0.0
0.0
0.0
0.0
0.0
0.0
0.0
0.0
0.0
0.0
0.0
0.0
0.0
0.0
0.0
0.0
0.0
0.0
0.0
0.0
0.0
0.0
0.0
0.0
0.0
0.0
0.0
0.0
0.0
0.0
0.0
0.0
0.0
0.0
0.0
0.0
0.0
0.0
0.0
0.0
0.0
0.0
0.0
0.0
0.0
0.0
0.0
0.0
0.0
0.0
0.0
0.0
0.0
0.0
0.0
0.0
0.0
0.0
0.0
0.0
0.0
0.0
0.0
0.0
0.0
0.0
0.0
0.0
0.0
0.0
0.0
0.0
0.0
0.0
0.0
0.0
0.0
0.0
0.0
0.0
0.0
0.0
0.0
0.0
0.0
0.0
0.0
0.0
0.0
0.0
0.0
0.0
0.0
0.0
0.0
0.0
0.0
0.0
0.0
0.0
0.0
0.0
0.0
0.0
0.0
0.0
0.0
0.0
0.0
0.0
0.0
0.0
0.0
0.0
0.0
0.0
0.0
0.0
0.0
0.0
0.0
0.0
0.0
0.0
0.0
0.0
0.0
0.0
0.0
0.0
0.0
0.0
0.0
0.0
0.0
0.0
0.0
0.0
0.0
0.0
0.0
0.0
0.0
0.0
0.0
0.0
0.0
0.0
0.0
0.0
0.0
0.0
0.0
0.0
0.0
0.0
0.0
0.0
0.0
0.0
0.0
0.0
0.0
0.0
0.0
0.0
0.0
0.0
0.0
0.0
0.0
0.0
0.0
0.0
0.0
0.0
0.0
0.0
0.0
0.0
0.0
0.0
0.0
0.0
0.0
0.0
0.0
0.0
0.0
0.0
0.0
0.0
0.0
0.0
0.0
0.0
0.0
0.0
0.0
0.0
0.0
0.0
0.0
0.0
0.0
0.0
0.0
0.0
0.0
0.0
0.0
0.0
0.0
0.0
0.0
0.0
0.0
0.0
0.0
0.0
0.0
0.0
0.0
0.0
0.0
0.0
0.0
0.0
0.0
0.0
0.0
0.0
0.0
0.0
0.0
0.0
0.0
0.0
0.0
0.0
0.0
0.0
0.0
0.0
0.0
0.0
0.0
0.0
0.0
0.0
0.0
0.0
0.0
0.0
0.0
0.0
0.0
0.0
0.0
0.0
0.0
0.0
0.0
0.0
0.0
0.0
0.0
0.0
0.0
0.0
0.0
0.0
0.0
0.0
0.0
0.0
0.0
0.0
0.0
0.0
0.0
0.0
0.0
0.0
0.0
0.0
0.0
0.0
0.0
0.0
0.0
0.0
0.0
0.0
0.0
0.0
0.0
0.0
0.0
0.0
0.0
0.0
0.0
0.0
0.0
0.0
0.0
0.0
0.0
0.0
0.0
0.0
0.0
0.0
0.0
0.0
0.0
0.0
0.0
0.0
0.0
0.0
0.0
0.0
0.0
0.0
0.0
0.0
0.0
0.0
0.0
0.0
0.0
0.0
0.0
0.0
0.0
0.0
0.0
0.0
0.0
0.0
0.0
0.0
0.0
0.0
0.0
0.0
0.0
0.0
0.0
0.0
0.0
0.0
0.0
0.0
0.0
0.0
0.0
0.0
0.0
0.0
0.0
0.0
0.0
0.0
0.0
0.0
0.0
0.0
0.0
0.0
0.0
0.0
0.0
0.0
0.0
0.0
0.0
0.0
0.0
0.0
0.0
0.0
0.0
0.0
0.0
0.0
0.0
0.0
0.0
0.0
0.0
0.0
0.0
0.0
0.0
0.0
0.0
0.0
0.0
0.0
0.0
0.0
0.0
0.0
0.0
0.0
0.0
0.0
0.0
0.0
0.0
0.0
0.0
0.0
0.0
0.0
0.0
0.0
0.0
0.0
0.0
0.0
0.0
0.0
0.0
0.0
0.0
0.0
0.0
0.0
0.0
0.0
0.0
0.0
0.0
0.0
0.0
0.0
0.0
0.0
0.0
0.0
0.0
0.0
0.0
0.0
0.0
0.0
0.0
0.0
0.0
0.0
0.0
0.0
0.0
0.0
0.0
0.0
0.0
0.0
0.0
0.0
0.0
0.0
0.0
0.0
0.0
0.0
0.0
0.0
0.0
0.0
0.0
0.0
0.0
0.0
0.0
0.0
0.0
0.0
0.0
0.0
0.0
0.0
0.0
0.0
0.0
0.0
0.0
0.0
0.0
0.0
0.0
0.0
0.0
0.0
0.0
0.0
0.0
0.0
0.0
0.0
0.0
0.0
0.0
0.0
0.0
0.0
0.0
0.0
0.0
0.0
0.0
0.0
0.0
0.0
0.0
0.0
0.0
0.0
0.0
0.0
0.0
0.0
0.0
0.0
0.0
0.0
0.0
0.0
0.0
0.0
0.0
0.0
0.0
0.0
0.0
0.0
0.0
0.0
0.0
0.0
0.0
0.0
0.0
0.0
0.0
0.0
0.0
0.0
0.0
0.0
0.0
0.0
0.0
0.0
0.0
0.0
0.0
0.0
0.0
0.0
0.0
0.0
0.0
0.0
0.0
0.0
0.0
0.0
0.0
0.0
0.0
0.0
0.0
0.0
0.0
0.0
0.0
0.0
0.0
0.0
0.0
0.0
0.0
0.0
0.0
0.0
0.0
0.0
0.0
0.0
0.0
0.0
0.0
0.0
0.0
0.0
0.0
0.0
0.0
0.0
0.0
0.0
0.0
0.0
0.0
0.0
0.0
0.0
0.0
0.0
0.0
0.0
0.0
0.0
0.0
0.0
0.0
0.0
0.0
0.0
0.0
0.0
0.0
0.0
0.0
0.0
0.0
0.0
0.0
0.0
0.0
0.0
0.0
0.0
0.0
0.0
0.0
0.0
0.0
0.0
0.0
0.0
0.0
0.0
0.0
0.0
0.0
0.0
0.0
0.0
0.0
0.0
0.0
0.0
0.0
0.0
0.0
0.0
0.0
0.0
0.0
0.0
0.0
0.0
0.0
0.0
0.0
0.0
0.0
0.0
0.0
0.0
0.0
0.0
0.0
0.0
0.0
0.0
0.0
0.0
0.0
0.0
0.0
0.0
0.0
0.0
0.0
0.0
0.0
0.0
0.0
0.0
0.0
0.0
0.0
0.0
0.0
0.0
0.0
0.0
0.0
0.0
0.0
0.0
0.0
0.0
0.0
0.0
0.0
0.0
0.0
0.0
0.0
0.0
0.0
0.0
0.0
0.0
0.0
0.0
0.0
0.0
0.0
0.0
0.0
0.0
0.0
0.0
0.0
0.0
0.0
0.0
0.0
0.0
0.0
0.0
0.0
0.0
0.0
0.0
0.0
0.0
0.0
0.0
0.0
0.0
0.0
0.0
0.0
0.0
0.0
0.0
0.0
0.0
0.0
0.0
0.0
0.0
0.0
0.0
0.0
0.0
0.0
0.0
0.0
0.0
0.0
0.0
0.0
0.0
0.0
0.0
0.0
0.0
0.0
0.0
0.0
0.0
0.0
0.0
0.0
0.0
0.0
0.0
0.0
0.0
0.0
0.0
0.0
0.0
0.0
0.0
0.0
0.0
0.0
0.0
0.0
0.0
0.0
0.0
0.0
0.0
0.0
0.0
0.0
0.0
0.0
0.0
0.0
0.0
0.0
0.0
0.0
0.0
0.0
0.0
0.0
0.0
0.0
0.0
0.0
0.0
0.0
0.0
0.0
0.0
0.0
0.0
0.0
0.0
0.0
0.0
0.0
0.0
0.0
0.0
0.0
0.0
0.0
0.0
0.0
0.0
0.0
0.0
0.0
0.0
0.0
0.0
0.0
0.0
0.0
0.0
0.0
0.0
0.0
0.0
0.0
0.0
0.0
0.0
0.0
0.0
0.0
0.0
0.0
0.0
0.0
0.0
0.0
0.0
0.0
0.0
0.0
0.0
0.0
0.0
0.0
0.0
0.0
0.0
0.0
0.0
0.0
0.0
0.0
0.0
0.0
0.0
0.0
0.0
0.0
0.0
0.0
0.0
0.0
0.0
0.0
0.0
0.0
0.0
0.0
0.0
0.0
0.0
0.0
0.0
0.0
0.0
0.0
0.0
0.0
0.0
0.0
0.0
0.0
0.0
0.0
0.0
0.0
0.0
0.0
0.0
0.0
0.0
0.0
0.0
0.0
0.0
0.0
0.0
0.0
0.0
0.0
0.0
0.0
0.0
0.0
0.0
0.0
0.0
0.0
0.0
0.0
0.0
0.0
0.0
0.0
0.0
0.0
0.0
0.0
0.0
0.0
0.0
0.0
0.0
0.0
0.0
0.0
0.0
0.0
0.0
0.0
0.0
0.0
0.0
0.0
0.0
0.0
0.0
0.0
0.0
0.0
0.0
0.0
0.0
0.0
0.0
0.0
0.0
0.0
0.0
0.0
0.0
0.0
0.0
0.0
0.0
0.0
0.0
0.0
0.0
0.0
0.0
0.0
0.0
0.0
0.0
0.0
0.0
0.0
0.0
0.0
0.0
0.0
0.0
0.0
0.0
0.0
0.0
0.0
0.0
0.0
0.0
0.0
0.0
0.0
0.0
0.0
0.0
0.0
0.0
0.0
0.0
0.0
0.0
0.0
0.0
0.0
0.0
0.0
0.0
0.0
0.0
0.0
0.0
0.0
0.0
0.0
0.0
0.0
0.0
0.0
0.0
0.0
0.0
0.0
0.0
0.0
0.0
0.0
0.0
0.0
0.0
0.0
0.0
0.0
0.0
0.0
0.0
0.0
0.0
0.0
0.0
0.0
0.0
0.0
0.0
0.0
0.0
0.0
0.0
0.0
0.0
0.0
0.0
0.0
0.0
0.0
0.0
0.0
0.0
0.0
0.0
0.0
0.0
0.0
0.0
0.0
0.0
0.0
0.0
0.0
0.0
0.0
0.0
0.0
0.0
0.0
0.0
0.0
0.0
0.0
0.0
0.0
0.0
0.0
0.0
0.0
0.0
0.0
0.0
0.0
0.0
0.0
0.0
0.0
0.0
0.0
21.85665909090909
0.0
0.0
0.0
0.0
0.0
0.0
0.0
0.0
0.0
0.0
0.0
0.0
0.0
0.0
0.0
0.0
0.0
0.0
0.0
0.0
0.0
0.0
0.0
0.0
0.0
0.0
0.0
0.0
0.0
0.0
0.0
0.0
0.0
0.0
0.0
0.0
0.0
0.0
0.0
0.0
0.0
0.0
0.0
0.0
0.0
0.0
0.0
0.0
0.0
0.0
0.0
0.0
0.0
0.0
0.0
0.0
0.0
0.0
0.0
0.0
0.0
0.0
0.0
0.0
0.0
0.0
0.0
0.0
0.0
0.0
0.0
0.0
0.0
0.0
0.0
0.0
0.0
0.0
0.0
0.0
0.0
0.0
0.0
0.0
0.0
0.0
0.0
0.0
0.0
0.0
0.0
0.0
0.0
0.0
0.0
0.0
0.0
0.0
0.0
0.0
0.0
0.0
0.0
0.0
0.0
0.0
0.0
0.0
0.0
0.0
0.0
0.0
0.0
0.0
0.0
0.0
0.0
0.0
0.0
0.0
0.0
0.0
0.0
0.0
0.0
0.0
0.0
0.0
0.0
0.0
0.0
0.0
0.0
0.0
0.0
0.0
0.0
0.0
0.0
0.0
0.0
0.0
0.0
0.0
0.0
0.0
0.0
0.0
0.0
0.0
0.0
0.0
0.0
0.0
0.0
0.0
0.0
0.0
0.0
0.0
0.0
0.0
0.0
0.0
0.0
0.0
0.0
0.0
0.0
0.0
0.0
0.0
0.0
0.0
0.0
0.0
0.0
0.0
0.0
0.0
0.0
0.0
0.0
0.0
0.0
0.0
0.0
0.0
0.0
0.0
0.0
0.0
0.0
0.0
0.0
0.0
0.0
0.0
0.0
0.0
0.0
0.0
0.0
0.0
0.0
0.0
0.0
0.0
0.0
0.0
0.0
0.0
0.0
0.0
0.0
0.0
0.0
0.0
0.0
0.0
0.0
0.0
0.0
0.0
0.0
0.0
0.0
0.0
0.0
0.0
0.0
0.0
0.0
0.0
0.0
0.0
0.0
0.0
0.0
0.0
0.0
0.0
0.0
0.0
0.0
0.0
0.0
0.0
0.0
0.0
0.0
0.0
0.0
0.0
0.0
0.0
0.0
0.0
0.0
0.0
0.0
0.0
0.0
0.0
0.0
0.0
0.0
0.0
0.0
0.0
0.0
0.0
0.0
0.0
0.0
0.0
0.0
0.0
0.0
0.0
0.0
0.0
0.0
0.0
0.0
0.0
0.0
0.0
0.0
0.0
0.0
0.0
0.0
0.0
0.0
0.0
0.0
0.0
0.0
0.0
0.0
0.0
0.0
0.0
0.0
0.0
0.0
0.0
0.0
0.0
0.0
0.0
0.0
0.0
0.0
0.0
0.0
0.0
0.0
0.0
0.0
0.0
0.0
0.0
0.0
0.0
0.0
0.0
0.0
0.0
0.0
0.0
0.0
0.0
0.0
0.0
0.0
0.0
0.0
0.0
0.0
0.0
0.0
0.0
0.0
0.0
0.0
0.0
0.0
0.0
0.0
0.0
0.0
0.0
0.0
0.0
0.0
0.0
0.0
0.0
0.0
0.0
0.0
0.0
0.0
0.0
0.0
0.0
0.0
0.0
0.0
0.0
0.0
0.0
0.0
0.0
0.0
0.0
0.0
0.0
0.0
0.0
0.0
0.0
0.0
0.0
0.0
0.0
0.0
0.0
0.0
0.0
0.0
0.0
0.0
0.0
0.0
0.0
0.0
0.0
0.0
0.0
0.0
0.0
0.0
0.0
0.0
0.0
0.0
0.0
0.0
0.0
0.0
0.0
0.0
0.0
0.0
0.0
0.0
0.0
0.0
0.0
0.0
0.0
0.0
0.0
0.0
0.0
0.0
0.0
0.0
0.0
0.0
0.0
0.0
0.0
0.0
0.0
0.0
0.0
0.0
0.0
0.0
0.0
0.0
0.0
0.0
0.0
0.0
0.0
0.0
0.0
0.0
0.0
0.0
0.0
0.0
0.0
0.0
0.0
0.0
0.0
0.0
0.0
0.0
0.0
0.0
0.0
0.0
0.0
0.0
0.0
0.0
0.0
0.0
0.0
0.0
0.0
0.0
0.0
0.0
0.0
0.0
0.0
0.0
0.0
0.0
0.0
0.0
0.0
0.0
0.0
0.0
0.0
0.0
0.0
0.0
0.0
0.0
0.0
0.0
0.0
0.0
0.0
0.0
0.0
0.0
0.0
0.0
0.0
0.0
0.0
0.0
0.0
0.0
0.0
0.0
0.0
0.0
0.0
0.0
0.0
0.0
0.0
0.0
0.0
0.0
0.0
0.0
0.0
0.0
0.0
0.0
0.0
0.0
0.0
0.0
0.0
0.0
0.0
0.0
0.0
0.0
0.0
0.0
0.0
0.0
0.0
0.0
0.0
0.0
0.0
0.0
0.0
0.0
0.0
0.0
0.0
0.0
0.0
0.0
0.0
0.0
0.0
0.0
0.0
0.0
0.0
0.0
0.0
0.0
0.0
0.0
0.0
0.0
0.0
0.0
0.0
0.0
0.0
0.0
0.0
0.0
0.0
0.0
0.0
0.0
0.0
0.0
0.0
0.0
0.0
0.0
0.0
0.0
0.0
0.0
0.0
0.0
0.0
0.0
0.0
0.0
0.0
0.0
0.0
0.0
0.0
0.0
0.0
0.0
0.0
0.0
0.0
0.0
0.0
0.0
0.0
0.0
0.0
0.0
0.0
0.0
0.0
0.0
0.0
0.0
0.0
0.0
0.0
0.0
0.0
0.0
0.0
0.0
0.0
0.0
0.0
0.0
0.0
0.0
0.0
0.0
0.0
0.0
0.0
0.0
0.0
0.0
0.0
0.0
0.0
0.0
0.0
0.0
0.0
0.0
0.0
0.0
0.0
0.0
0.0
0.0
0.0
0.0
0.0
0.0
0.0
0.0
0.0
0.0
0.0
0.0
0.0
0.0
0.0
0.0
0.0
0.0
0.0
0.0
0.0
0.0
0.0
0.0
0.0
0.0
0.0
0.0
0.0
0.0
0.0
0.0
0.0
0.0
0.0
0.0
0.0
0.0
0.0
0.0
0.0
0.0
0.0
0.0
0.0
0.0
0.0
0.0
0.0
0.0
0.0
0.0
0.0
0.0
0.0
0.0
0.0
0.0
0.0
0.0
0.0
0.0
0.0
0.0
0.0
0.0
0.0
0.0
0.0
0.0
0.0
0.0
0.0
0.0
0.0
0.0
0.0
0.0
0.0
0.0
0.0
0.0
0.0
0.0
0.0
0.0
0.0
0.0
0.0
0.0
0.0
0.0
0.0
0.0
0.0
0.0
0.0
0.0
0.0
0.0
0.0
0.0
0.0
0.0
0.0
0.0
0.0
0.0
0.0
0.0
0.0
0.0
0.0
0.0
0.0
0.0
0.0
0.0
0.0
0.0
0.0
0.0
0.0
0.0
0.0
0.0
0.0
0.0
0.0
0.0
0.0
0.0
0.0
0.0
0.0
0.0
0.0
0.0
0.0
0.0
0.0
0.0
0.0
0.0
0.0
0.0
0.0
0.0
0.0
0.0
0.0
0.0
0.0
0.0
0.0
0.0
0.0
0.0
0.0
0.0
0.0
0.0
0.0
0.0
0.0
0.0
0.0
0.0
0.0
0.0
0.0
0.0
0.0
0.0
0.0
0.0
0.0
0.0
25.829493514737216
0.0
0.0
0.0
0.0
0.0
0.0
0.0
0.0
0.0
0.0
0.0
0.0
0.0
0.0
0.0
0.0
0.0
0.0
0.0
0.0
0.0
0.0
0.0
0.0
0.0
0.0
0.0
0.0
0.0
0.0
0.0
0.0
0.0
0.0
0.0
0.0
0.0
0.0
0.0
0.0
0.0
0.0
0.0
0.0
0.0
0.0
0.0
0.0
0.0
0.0
0.0
0.0
0.0
0.0
0.0
0.0
0.0
0.0
0.0
0.0
0.0
0.0
0.0
0.0
0.0
0.0
0.0
0.0
0.0
0.0
0.0
0.0
0.0
0.0
0.0
0.0
0.0
0.0
0.0
0.0
0.0
0.0
0.0
0.0
0.0
0.0
0.0
0.0
0.0
0.0
0.0
0.0
0.0
0.0
0.0
0.0
0.0
0.0
0.0
0.0
0.0
0.0
0.0
0.0
0.0
0.0
0.0
0.0
0.0
0.0
0.0
0.0
0.0
0.0
0.0
0.0
0.0
0.0
0.0
0.0
0.0
0.0
0.0
0.0
0.0
0.0
0.0
0.0
0.0
0.0
0.0
0.0
0.0
0.0
0.0
0.0
0.0
0.0
0.0
0.0
0.0
0.0
0.0
0.0
0.0
0.0
0.0
0.0
0.0
0.0
0.0
0.0
0.0
0.0
0.0
0.0
0.0
0.0
0.0
0.0
0.0
0.0
0.0
0.0
0.0
0.0
0.0
0.0
0.0
0.0
0.0
0.0
0.0
0.0
0.0
0.0
0.0
0.0
0.0
0.0
0.0
0.0
0.0
0.0
0.0
0.0
0.0
0.0
0.0
0.0
0.0
0.0
0.0
0.0
0.0
0.0
0.0
0.0
0.0
0.0
0.0
0.0
0.0
0.0
0.0
0.0
0.0
0.0
0.0
0.0
0.0
0.0
0.0
0.0
0.0
0.0
0.0
0.0
0.0
0.0
0.0
0.0
0.0
0.0
0.0
0.0
0.0
0.0
0.0
0.0
0.0
0.0
0.0
0.0
0.0
0.0
0.0
0.0
0.0
0.0
0.0
0.0
0.0
0.0
0.0
0.0
0.0
0.0
0.0
0.0
0.0
0.0
0.0
0.0
0.0
0.0
0.0
0.0
0.0
0.0
0.0
0.0
0.0
0.0
0.0
0.0
0.0
0.0
0.0
0.0
0.0
0.0
0.0
0.0
0.0
0.0
0.0
0.0
0.0
0.0
0.0
0.0
0.0
0.0
0.0
0.0
0.0
0.0
0.0
0.0
0.0
0.0
0.0
0.0
0.0
0.0
0.0
0.0
0.0
0.0
0.0
0.0
0.0
0.0
0.0
0.0
0.0
0.0
0.0
0.0
0.0
0.0
0.0
0.0
0.0
0.0
0.0
0.0
0.0
0.0
0.0
0.0
0.0
0.0
0.0
0.0
0.0
0.0
0.0
0.0
0.0
0.0
0.0
0.0
0.0
0.0
0.0
0.0
0.0
0.0
125.54130452106368
0.0
0.0
0.0
0.0
0.0
0.0
0.0
0.0
0.0
0.0
0.0
0.0
0.0
0.0
0.0
0.0
0.0
0.0
0.0
2014.2517349668562
2215.8440469696975
2208.8165587121207
2220.131030681818
0.03702582785866482
0.0
0.0
0.0
0.0
0.0
0.0
0.0
0.0
0.0
0.0
0.0
0.0
0.0
0.0
0.0
0.0
0.0
0.0
0.0
0.0
0.0
0.0
0.0
0.0
0.0
0.0
0.0
0.0
0.0
0.0
0.0
0.0
0.0
0.0
0.0
0.0
0.0
0.0
0.0
0.0
0.0
0.0
0.0
0.0
0.0
0.0
0.0
0.0
0.0
0.0
0.0
0.0
0.0
0.0
0.0
0.0
0.0
0.0
0.0
0.0
0.0
0.0
0.0
0.0
0.0
0.0
0.0
0.0
0.0
0.0
0.0
0.0
0.0
0.0
0.0
0.0
0.0
0.0
0.0
0.0
0.0
0.0
0.0
0.0
0.0
0.0
0.0
0.0
0.0
0.0
0.0
0.0
0.0
0.0
0.0
0.0
0.0
0.0
0.0
0.0
0.0
0.0
0.0
0.0
0.0
0.0
0.0
0.0
0.0
0.0
0.0
0.0
0.0
0.0
0.0
0.0
0.0
0.0
0.0
0.0
0.0
0.0
0.0
0.0
0.0
0.0
0.0
0.0
0.0
0.0
0.0
0.0
0.0
0.0
0.0
0.0
0.0
0.0
0.0
0.0
0.0
0.0
0.0
0.0
0.0
0.0
0.0
0.0
0.0
0.0
0.0
0.0
0.0
0.0
0.0
0.0
0.0
0.0
0.0
0.0
0.0
0.0
0.0
0.0
0.0
0.0
0.0
0.0
0.0
0.0
0.0
0.0
0.0
0.0
0.0
0.0
0.0
0.0
0.0
0.0
0.0
0.0
0.0
0.0
0.0
0.0
0.0
0.0
0.0
0.0
0.0
0.0
0.0
0.0
0.0
0.0
0.0
0.0
0.0
0.0
0.0
0.0
0.0
0.0
0.0
0.0
0.0
0.0
0.0
0.0
0.0
0.0
0.0
0.0
0.0
0.0
0.0
0.0
0.0
0.0
0.0
0.0
0.0
0.0
0.0
0.0
0.0
0.0
0.0
0.0
0.0
0.0
0.0
0.0
0.0
0.0
0.0
0.0
0.0
0.0
0.0
0.0
0.0
0.0
0.0
0.0
0.0
0.0
0.0
0.0
0.0
0.0
0.0
0.0
0.0
0.0
0.0
0.0
0.0
0.0
0.0
0.0
0.0
0.0
0.0
0.0
0.0
0.0
0.0
0.0
0.0
0.0
0.0
0.0
0.0
0.0
0.0
0.0
0.0
0.0
0.0
0.0
0.0
0.0
0.0
0.0
0.0
0.0
0.0
0.0
0.0
0.0
0.0
0.0
0.0
0.0
0.0
0.0
0.0
0.0
0.0
0.0
0.0
0.0
0.0
0.0
0.0
0.0
0.0
0.0
0.0
0.0
0.0
0.0
0.0
0.0
0.0
0.0
0.0
0.0
0.0
0.0
0.0
0.0
0.0
0.0
0.0
0.0
0.0
0.0
0.0
0.0
0.0
0.0
0.0
0.0
0.0
0.0
0.0
0.0
0.0
0.0
0.0
0.0
0.0
0.0
0.0
0.0
0.0
0.0
0.0
0.0
0.0
0.0
0.0
0.0
0.0
0.0
0.0
0.0
0.0
0.0
0.0
0.0
0.0
0.0
0.0
0.0
0.0
0.0
0.0
0.0
0.0
0.0
0.0
0.0
0.0
0.0
0.0
0.0
0.0
0.0
0.0
0.0
0.0
0.0
0.0
0.0
0.0
0.0
0.0
0.0
0.0
0.0
0.0
0.0
0.0
0.0
0.0
0.0
0.0
0.0
0.0
0.0
0.0
0.0
0.0
0.0
0.0
0.0
0.0
0.0
0.0
0.0
0.0
0.0
0.0
0.0
0.0
0.0
0.0
0.0
0.0
0.0
0.0
0.0
0.0
0.0
0.0
0.0
0.0
0.0
0.0
0.0
0.0
0.0
0.0
0.0
0.0
0.0
0.0
0.0
0.0
0.0
0.0
0.0
0.0
0.0
0.0
0.0
0.0
0.0
0.0
0.0
0.0
0.0
0.0
0.0
0.0
0.0
0.0
0.0
0.0
0.0
0.0
0.0
0.0
0.0
0.0
0.0
0.0
0.0
0.0
0.0
0.0
0.0
0.0
0.0
0.0
0.0
0.0
0.0
0.0
0.0
0.0
0.0
0.0
0.0
0.0
0.0
0.0
0.0
0.0
0.0
0.0
0.0
0.0
0.0
0.0
0.0
0.0
0.0
0.0
0.0
0.0
0.0
0.0
0.0
0.0
0.0
0.0
0.0
0.0
0.0
0.0
0.0
0.0
0.0
0.0
0.0
0.0
0.0
0.0
0.0
0.0
0.0
0.0
0.0
0.0
0.0
0.0
0.0
0.0
0.0
0.0
0.0
0.0
0.0
0.0
0.0
0.0
0.0
0.0
0.0
0.0
0.0
0.0
0.0
0.0
0.0
0.0
0.0
0.0
0.0
0.0
0.0
0.0
0.0
0.0
0.0
0.0
0.0
0.0
0.0
0.0
0.0
0.0
0.0
0.0
0.0
0.0
0.0
0.0
0.0
0.0
0.0
0.0
0.0
0.0
0.0
0.0
0.0
0.0
0.0
0.0
0.0
0.0
0.0
0.0
0.0
0.0
0.0
0.0
0.0
0.0
0.0
0.0
0.0
0.0
0.0
0.0
0.0
0.0
0.0
0.0
0.0
0.0
0.0
0.0
0.0
0.0
0.0
0.0
0.0
0.0
0.0
0.0
0.0
0.0
0.0
0.0
0.0
0.0
0.0
0.0
0.0
0.0
0.0
0.0
0.0
0.0
0.0
0.0
0.0
0.0
0.0
0.0
0.0
0.0
0.0
0.0
0.0
0.0
0.0
0.0
0.0
0.0
0.0
0.0
0.0
0.0
0.0
0.0
0.0
0.0
0.0
0.0
0.0
0.0
0.0
0.0
0.0
0.0
0.0
0.0
0.0
0.0
0.0
0.0
0.0
0.0
0.0
0.0
0.0
0.0
0.0
0.0
0.0
0.0
0.0
0.0
0.0
0.0
0.0
0.0
0.0
0.0
0.0
0.0
0.0
0.0
0.0
0.0
0.0
0.0
0.0
0.0
0.0
0.0
0.0
0.0
0.0
0.0
0.0
0.0
0.0
0.0
0.0
0.0
0.0
0.0
0.0
0.0
0.0
0.0
0.0
0.0
0.0
0.0
0.0
0.0
0.0
0.0
0.0
0.0
0.0
0.0
0.0
0.0
0.0
0.0
0.0
0.0
0.0
0.0
0.0
0.0
0.0
0.0
0.0
0.0
0.0
0.0
0.0
0.0
0.0
0.0
0.0
0.0
0.0
0.0
0.0
0.0
0.0
0.0
0.0
0.0
0.0
0.0
0.0
0.0
0.0
0.0
0.0
0.0
0.0
0.0
0.0
0.0
0.0
0.0
0.0
0.0
0.0
0.0
0.0
0.0
0.0
0.0
0.0
0.0
0.0
0.0
0.0
0.0
0.0
0.0
0.0
0.0
0.0
0.0
0.0
0.0
0.0
0.0
0.0
0.0
0.0
0.0
0.0
0.0
0.0
0.0
0.0
0.0
0.0
0.0
0.0
0.0
0.0
0.0
0.0
0.0
457.28825680634503
605.782036900746
1898.274274017519
0.0
0.0
0.0
0.0
0.0
0.0
0.0
0.0
0.0
0.0
0.0
0.0
0.0
0.0
0.0
0.0
0.0
0.0
0.0
0.0
0.0
0.0
0.0
0.0
0.0
0.0
0.0
0.0
0.0
0.0
0.0
0.0
0.0
0.0
0.0
0.0
0.0
0.0
0.0
0.0
0.0
1523.058475011837
2228.272492803028
2193.0026909090907
2211.3305083333316
2195.936408712121
2221.8528799242426
2256.9801768939387
2221.042687121213
2225.071291666666
2199.2470371212125
2203.675835984847
2253.4186825757574
2276.391171590909
2269.8199037878785
2268.0531488636366
2219.7815147727265
2313.078474242425
2312.6830632575757
2348.9427003787882
2301.201606439393
2263.4256397727263
2284.5010053030314
2292.5551560606054
2331.8695840909077
2411.652094696968
2388.620057014107
2236.980292218158
2236.2702403996864
2233.3305113636366
2132.245745416667
2217.9692187499986
2158.3552328703713
2216.9668163690462
2204.9785636904758
2222.287982196971
2216.235148333334
2186.427419318181
2272.830547708333
2327.5493340909084
2253.8306772727274
2241.7507306818193
2239.133476515152
2239.0046454545445
2229.6580772727275
2235.4637541666675
2229.288986742424
2223.515931439396
2288.1829022727284
2237.108775757576
2243.3752382575763
2276.1100257575763
2266.1241787878803
2175.8086484848473
2263.5095314393934
2227.3266507575754
2249.4375469696975
2240.1004333333326
2219.4955106060606
2257.1843984848488
2254.1417435606063
2238.456911742424
2274.7985636363637
2278.758419318183
2351.437320075759
2407.665044318182
2294.44689128788
2243.6685761363633
2181.4338914772725
2170.248830303031
2207.3370628787875
2199.248796969697
2165.429665909091
2154.736533901514
2146.8803145833344
2197.4530276515143
2180.155950378788
2169.7056435606064
2156.1728212121207
2189.1985674242433
2156.3132928030304
2109.692575378789
2170.5230454545444
2172.648046590908
2172.8847958333336
2198.4157901515164
2200.173367045454
2218.9310912878777
2223.5831613636374
2177.9737905303027
2172.142623484849
2183.8681037878787
2187.886271969697
2196.7057166666664
2224.8338397727257
2207.651546969697
2217.0772916666656
2197.615032575758
2226.3420867424243
2228.397751893939
2170.0844666666667
2177.4438685606056
2264.9194571969692
2246.131964015151
2211.047724621212
2185.8689443181815
2207.423558333333
2200.6964833333336
2223.5695981060617
2211.297909090909
2166.2618526515143
2226.925306818182
2205.2920916666662
2246.548032575758
2296.476942803029
2407.6623731060604
2242.2764060606046
2240.1785821969684
2269.5492477272737
2264.657241666665
2306.3196435606064
2259.311411742424
2322.507759848485
2354.2154939393945
2413.0563109848486
2322.9427693181824
2356.2063833333336
2366.630890530304
2238.3995856060606
2170.996298484848
2199.4236416666668
2168.2182549242416
2213.8563465909097
2221.03171439394
2211.760678787879
2245.6754700757574
2211.2381124999997
2207.7787022727275
2216.239599999999
2236.748969318183
2266.487566287878
2224.7023075757575
2155.5771162878777
2193.069331818182
2258.3063719696975
2257.3753200757583
2261.5967
2237.744350378789
2170.997456439395
2213.161943939395
2497.0785901515155
2347.9594507575753
2240.2366916666674
2358.2183333333346
2300.729620454545
2246.8022579545463
2212.468741666667
2242.980011742425
2224.058958333332
2249.0068696969684
2221.0829390151503
2256.878962499999
2231.3032090909082
2245.704389772727
2224.128681818183
2241.3986329545464
2254.7532435606054
2267.2729125
2279.6536071969695
2295.8674064393945
2320.748153787879
2190.9847136363655
2193.4441717803015
2145.178381818182
2089.41959090909
2146.1583039772718
2144.7482721590914
2166.6286723484855
2157.535900946969
2116.078822348485
2204.6357401515165
2129.413558712122
2103.561977462122
2068.8203482954546
2124.403180492424
2214.2558446969692
2169.756767045454
2203.0850469696966
2180.3845564393955
2162.583696401515
2136.980015909092
2130.842757765152
2197.8803276515146
2206.952655303032
2153.3313219696984
2162.72155719697
2134.6081956439393
2126.7239070075766
2185.142892424241
2213.965777272727
2198.991851893939
2104.664102840909
2078.694486742425
2081.27832840909
2141.545357765152
2117.1757848484845
2132.4463973484844
2101.364589962122
2114.530517234847
2079.4539842803038
2072.443195265154
2106.476854166666
2109.415894128789
2104.8366138257584
2100.8494473484857
2111.3192198863635
2120.387732954546
2158.046008522726
2106.127125189395
2115.3332740530304
2111.9371772727272
2095.069181060605
2132.0961333333335
2127.0117354166673
2072.912535795453
2106.6438344696976
2213.1233037878783
2235.2791204545456
2172.4954988636355
2143.6016450757566
2158.178186742423
2169.9477045454546
2163.997328030303
2180.028607954546
2181.082363636364
2185.1286231060603
2162.3974659090923
2136.3849405303026
2179.1123437500005
2161.933057954546
2134.735856439394
2181.1270109848488
2188.8253034090917
2148.0846234848473
2121.8638168560606
2093.8204469696984
2132.150412121212
2167.0467496212127
2171.8015329545456
2202.422780681818
2141.213416666665
2122.7566041666673
2130.5665323863645
2108.3616303030312
2117.08551875
2134.527402462121
2149.509226704547
2106.167867803031
2109.243739962122
2137.057001515152
2089.9298361742435
2091.1043909090913
2097.4420259469694
2093.4237128787886
2116.2571863636363
2097.226446401515
2061.0597304924245
2053.503644696967
2053.338522727272
2019.057426325757
2036.0611990530308
2068.4292698863637
2017.7504738636364
2088.0863856060605
2094.932529545454
2030.3986214015165
2063.5990998106063
2052.149372159091
2060.6844007575764
2020.3025954545467
2067.330836742424
2087.9701905303027
2080.812810984848
2096.056055492425
2101.0036545454527
2058.3813928030313
2117.9551566287873
2081.200510227273
2074.217450946969
2132.543132386364
2096.922516063219
2185.9060283894983
1982.3391407196984
2131.857222537879
2080.044033333333
2068.1910655303027
2106.5174441287886
2065.0297282196966
2073.8696554924245
2083.2680554924245
2111.7864780303025
2077.3919272727258
2075.096902083334
2076.002860795456
2084.7800409090896
2133.4147625
2150.893631249999
2110.4024566287894
2121.1927183712137
2108.4421435606073
2100.5722596590917
2099.5920560606064
2108.592847916667
2094.0767087121208
2093.3739687499988
2080.1027905303017
2099.490825000002
2080.1620458333327
1562.6017877655954
0.0
0.0
0.0
0.0
0.0
0.0
0.0
0.0
0.0
0.0
0.0
0.0
0.0
0.0
0.0
0.0
0.0
448.1394791074817
1833.6819471982765
1718.3923486742424
1674.2149339015161
1644.1364763257575
893.7402482255407
0.0
0.0
0.0
0.0
0.0
0.0
0.0
0.0
0.0
0.0
0.0
0.0
0.0
0.0
0.0
0.0
0.0
0.0
0.0
0.0
0.0
0.0
0.0
0.0
0.0
0.0
0.0
0.0
0.0
0.0
0.0
0.0
0.0
0.0
0.0
0.0
0.0
0.0
0.0
0.0
0.0
0.0
0.0
0.0
0.0
0.0
0.0
0.0
0.0
0.0
0.0
0.0
0.0
0.0
0.0
0.0
0.0
0.0
0.0
0.0
0.0
0.0
0.0
0.0
0.0
0.0
0.0
0.0
0.0
0.0
0.0
0.0
0.0
0.0
0.0
0.0
0.0
0.0
0.0
0.0
0.0
0.0
0.0
0.0
0.0
0.0
0.0
0.0
0.0
0.0
0.0
0.0
0.0
0.0
0.0
0.0
0.0
0.0
0.0
0.0
0.0
0.0
0.0
0.0
0.0
0.0
0.0
0.0
0.0
0.0
0.0
0.0
0.0
0.0
0.0
0.0
0.0
0.0
0.0
0.0
0.0
0.0
0.0
0.0
0.0
0.0
0.0
0.0
0.0
0.0
0.0
0.0
0.0
0.0
0.0
0.0
0.0
0.0
0.0
0.0
0.0
0.0
0.0
0.0
0.0
0.0
0.0
0.0
0.0
0.0
0.0
0.0
0.0
0.0
0.0
0.0
0.0
0.0
0.0
0.0
0.0
0.0
0.0
0.0
0.0
0.0
0.0
0.0
0.0
0.0
0.0
0.0
0.0
0.0
0.0
0.0
0.0
0.0
0.0
0.0
0.0
0.0
0.0
0.0
0.0
0.0
0.0
0.0
0.0
0.0
0.0
0.0
0.0
0.0
0.0
0.0
0.0
0.0
0.0
0.0
0.0
0.0
0.0
0.0
0.0
0.0
0.0
0.0
0.0
0.0
0.0
0.0
0.0
0.0
0.0
0.0
0.0
0.0
0.0
0.0
0.0
0.0
0.0
0.0
0.0
0.0
0.0
0.0
0.0
0.0
0.0
0.0
0.0
0.0
0.0
0.0
0.0
0.0
0.0
0.0
0.0
0.0
0.0
0.0
0.0
0.0
0.0
0.0
0.0
0.0
0.0
0.0
0.0
0.0
0.0
0.0
0.0
0.0
0.0
0.0
0.0
0.0
0.0
0.0
0.0
0.0
0.0
0.0
0.0
0.0
0.0
0.0
0.0
0.0
0.0
0.0
0.0
0.0
0.0
0.0
0.0
0.0
0.0
0.0
0.0
0.0
0.0
0.0
0.0
0.0
0.0
0.0
0.0
0.0
0.0
0.0
0.0
0.0
0.0
0.0
0.0
0.0
0.0
0.0
0.0
0.0
0.0
0.0
0.0
0.0
0.0
0.0
0.0
0.0
0.0
0.0
0.0
0.0
0.0
0.0
0.0
0.0
0.0
0.0
0.0
0.0
0.0
0.0
0.0
0.0
0.0
0.0
0.0
0.0
0.0
0.0
0.0
0.0
0.0
0.0
0.0
0.0
0.0
0.0
0.0
0.0
0.0
0.0
0.0
0.0
0.0
0.0
0.0
0.0
0.0
0.0
0.0
0.0
0.0
0.0
0.0
0.0
0.0
0.0
0.0
0.0
0.0
0.0
0.0
0.0
0.0
0.0
0.0
0.0
0.0
0.0
0.0
0.0
0.0
0.0
0.0
0.0
0.0
0.0
0.0
0.0
0.0
0.0
0.0
0.0
0.0
0.0
0.0
0.0
0.0
0.0
0.0
0.0
0.0
0.0
0.0
0.0
0.0
0.0
0.0
0.0
0.0
0.0
0.0
0.0
0.0
0.0
0.0
0.0
0.0
0.0
0.0
0.0
0.0
0.0
0.0
0.0
0.0
0.0
0.0
0.0
0.0
0.0
0.0
925.0258864820075
1828.6734714015147
1802.8217861742428
1796.1223034090908
1800.0444160984844
1866.1184060606065
1608.7600229166665
1565.6096566287872
1556.7651725378792
1593.1769405303028
1544.8217001893936
1569.5235761363635
1549.4292920454545
1552.3413657196963
1580.9432693181816
1594.7330079545454
1607.1903945075755
1583.1449077651516
1559.8653770833328
1577.5515007575757
1571.340990340909
1583.5573863636366
1621.9942856060609
1604.2556522727275
1564.3963696969702
1610.8275749999996
1603.3986613636364
1643.7191630681816
1596.7946647727272
1566.8418375
1588.6130174242426
1576.534985606061
1522.502978409091
1532.4702214015153
1520.6325151515155
1550.880656818182
1523.6591439393937
1582.8018801136366
1602.042230681819
1580.3491225378782
1530.8087426136365
1552.7868753787882
1563.6278530303027
1545.7566842803026
1556.8015348484848
1548.09976969697
1534.8677407196972
1548.4343589015155
1541.0004022727271
1565.0832225378783
1558.2883062499998
1595.24076685606
1574.0283000000002
1595.79565375
1597.0456392045455
1616.23434375
1613.0083818181818
1609.8087935606054
1628.9049526515155
1621.1906236742418
1578.4128390151518
1554.2447666666665
1565.2273142045453
1525.3991689393938
1532.5649140151515
1513.4725869318181
1509.8232259469694
1520.2316143939381
1527.1602624999998
1535.5511066287872
1494.3186592803029
1519.2717344696973
1566.153166287879
1590.7639920454546
1558.0614242424244
1565.0843897727273
1602.9160810606065
1557.875539772727
1600.2504450757574
1559.7485107954546
1608.1867859848492
1609.768691287879
1605.7325147727277
1551.4142801136359
1590.1345772727275
1558.380483712122
1560.23107594697
1600.7165295454545
1614.1832602272727
1544.9683920454547
1560.2566530303038
1542.317809090909
1553.3072952651519
1503.5129204545453
1556.4412882575753
1570.777212878788
1580.3122058712115
1603.9539884469698
1589.900101011905
1576.8692077651517
1610.211110416666
1618.3774679924245
1612.5387123106063
1584.6836681818183
1573.5645339015152
1600.1814386363637
1610.399594318182
1641.3072732954536
1639.9185333333328
1616.9534339015154
1605.6192977272729
1589.94678125
1579.1070795454546
1577.4815234848481
1583.65616780303
1595.8678571969692
1600.8183375
1614.8281049242419
1596.7621655303037
1601.7637225378792
1583.1456782196974
1608.0636948863635
1579.8105905303025
1550.0172159090907
1563.7696492424247
1553.968684090909
1528.2590342803037
1528.743432575758
1508.2691859848492
1490.9548827651522
1479.3940778409092
1494.3920045454545
1462.9431852272728
1428.3129458333335
1331.8526272727283
1405.1173043560611
1347.2318166666664
1301.3127604166664
1257.0255785984846
1229.763050946969
1217.1571960227272
1200.0889414772728
1223.6139589015154
1398.747965909091
1533.96689469697
1476.8470522727273
1463.8214176136355
1507.2284496212126
1489.8215469696972
1495.6686850378792
1498.1430734848482
1530.7651375
1519.8921929924247
1561.5167318181818
1563.0848685606054
1563.798247159091
1593.1745071969692
1580.2824401515156
1609.7173034090906
1516.9280183712128
1510.6509102272723
1530.9920104166665
1565.1587570075753
1512.1661424242418
1567.1765399621208
1535.7568672348482
1588.8749553030298
1571.6143751893935
1549.2672982954546
1586.5836914772729
1596.7313214015155
1593.756376515152
1629.40848219697
1578.9675914772727
1608.6943325757575
1544.5771874999998
1563.282824621212
1569.372922727273
1603.32396685606
1605.7008183712117
1611.0499522727273
1563.6965227272726
1536.1726344696974
1508.3272998106063
1475.9207604166663
1423.3880113636365
1400.4704611742427
1371.1637147727272
1397.0420017045453
1421.4710833333338
1576.0580136363635
2024.5224920454546
2123.1698232954545
1975.8769842803035
2026.0915291666663
2110.292193560606
1949.056413825757
1930.583530871212
1933.5679392045458
1885.4445106060607
1925.808543181818
1906.5025225378783
1916.7181719696973
1963.6125382575754
1972.3609352272726
1977.6464104166662
1997.151386931819
2034.9715880681817
2049.695965909091
1944.5298734848482
1968.039046212121
1971.537247916667
1946.1352399621207
1973.7494979166665
1948.5349535984847
1975.1389471590912
1981.9740979166666
1970.1175575757572
1980.8956121212127
1991.9278715909088
1941.4491375
1916.7873357954545
1909.8857609848483
1928.9158070075755
1938.78606155303
1939.0853825757572
1921.089766098484
1922.3029001893947
1908.8399113636367
1928.153325
1916.318059280303
1890.3030820075764
1878.0350253787883
1868.4026632575763
1885.0542071969687
1843.19087935606
1885.554429356061
1885.3738619318183
1909.0473196969697
1846.7963784090907
1895.3401179924235
1893.6100357954545
1967.392025
1945.5358020833337
1909.7692107954542
1905.3577094696973
1910.3119179924245
2020.0189392045454
2054.737669318182
1898.6791227272727
1904.9190071969701
1924.3726518939393
1933.0445363636363
1942.4204251893943
1964.2366304924246
1920.309083143939
1921.4489422348481
1941.4175382575754
1915.448063068182
1886.3342761363629
1905.4196261363634
1766.5255984848482
1505.3695323863635
1465.5166363636365
1544.499985984848
1533.9497490530302
1557.80676344697
1614.1001068181818
1601.9423310606064
1603.8778986742427
1594.133945265151
1622.3563145833325
1631.704756818182
1601.011154545455
1559.3153071969698
1600.9436857954547
1596.0476952651509
1548.477809659091
1537.8619081439401
1540.4889125
1551.670206818182
1555.3159058712117
1539.3890068181818
1552.0007342803035
1539.406589015152
1493.4145323863638
1505.920159090909
1626.8222609848492
1589.2275505681819
1596.9242657196971
1621.227813068182
1575.2538990530302
1609.329480871212
1642.350009090909
1607.3768647727272
1589.9769272727272
1621.6126145833334
1594.6652662878791
1587.9462329545456
1601.6349852272726
1590.7223268939388
1542.1594318181817
1580.72640340909
1565.6786009469697
1501.3916386363637
1522.9983867424248
1512.930903409091
1519.3936920454546
1503.419247537879
1502.6026397727271
1526.5640979166665
1571.246692045455
1560.9732708333338
1597.243555303031
1593.99671875
1588.566580681818
1548.264615719697
1559.9157117424234
1592.1689852272727
1594.8002049242416
1559.5015145833336
1598.3406602272726
1602.2958784090908
1581.6499727272726
1564.081279734848
1534.0794420454547
1518.9317126893939
1542.6781979166665
1488.4085918560609
1488.6058407196972
1547.2167742424247
1527.2134774621218
1535.2608321969697
1544.019423106061
1556.6642632575756
1582.0564666666664
1540.2291473484847
1520.217528409091
1613.2002420454546
1651.703655303031
1624.5189852272729
1616.0502933712116
1564.5266532196963
1591.987255871213
1542.3422181818182
1565.9088806818181
1540.8710962121208
1543.6778215909092
1560.8093988636363
1559.074021590909
1570.9373517045458
1617.9702844696965
1609.2276981060602
1589.6493761363636
1562.4127393939389
1596.643390909091
1588.3416852272728
1616.84454375
1509.5651647727273
1536.750697537879
1458.3639420454547
1349.6496261363636
1498.2025312500002
1421.7479912878791
1604.8993659090918
1592.063204924242
1598.224
1556.7549926136364
1544.0725801136361
1543.009109090909
1569.7771619318182
1573.7549551136362
1536.6013107954545
1545.573493560606
1500.8762096590908
1473.354409090909
1457.8471695075755
1474.3885801136364
1496.2220335227282
1398.8196863636365
1406.3753556818183
1447.9628429112554
1508.0047306818183
1496.5108282196975
1563.4110823863637
1586.1727189393935
1547.4407526515154
1560.2672208333336
1550.4818672348483
1620.059484469697
1549.2984051136364
1603.6907844696973
1573.6113511363626
1550.6141473484845
1567.0671215909094
1592.8111916666662
1576.9149181818184
1606.827618181818
1524.6959895833336
1572.2564984848482
1548.9828299242415
1511.5473060606064
1574.4138816287873
1576.6340704545453
1537.1008195075754
1509.1265386363636
1521.506617613636
1501.104861931818
1599.5853761363635
1540.849078409091
1517.8639104166673
1510.4335924242419
1498.7013477272726
1537.8639613636367
1570.4906589015145
1570.4009833333337
1609.2708744318181
1603.1220185606062
1596.6364884469697
1519.6334439393938
1530.45279280303
1549.3849941287883
1505.5965634469699
1517.0318195075763
1535.6538960227272
1533.0588045454542
1509.4251884469702
1520.8401952651518
1526.9447267045455
1517.3978005681818
1510.1378598484846
1508.859262121212
1519.0624965909092
1529.4400901515144
1499.1305204545454
1530.5649551136355
1534.7166977272727
1510.8297392045454
1486.79199564394
1530.978520454545
1507.4866623106063
1526.8811496212127
1543.4678265151517
1573.6557871212108
1581.727114772727
1507.1413285984845
1544.9661024621216
1490.3745113636367
1536.175177272727
1536.7569143939393
1569.2599193181816
1582.9709087121219
1573.6324685606064
1503.2446706439391
1523.3769284090909
1549.298500378788
1549.3971945075755
1543.9413339015155
1558.16247405303
1564.2989339015155
1566.8665340909092
1545.560515909091
1532.29140530303
1564.8894053030301
1521.2204047348482
1503.2715160984844
1585.865402840909
1531.8924329545457
1518.2215755681818
1514.8150174242428
1502.7641867424245
1502.2545679924237
1508.8067155303027
1499.6263926136364
1506.8019823863635
1497.6975261363636
1491.1500151515154
1507.2589452651519
1520.3104931818182
1549.9290562500007
1521.4927232954542
1541.3989130681819
1555.7320445075754
1545.7790136363635
1569.70606344697
1560.1382439393944
1537.5400649621217
1515.2786607954547
1526.2094772727273
1532.0196560606064
1541.7510946969692
1520.295130871213
1499.908552462121
1476.8135445075764
1505.912223106061
1507.0641435606062
1500.0776117424239
1490.344088636364
1493.137108712121
1552.956576515152
1490.1360598484846
1489.2588795454544
1512.4851376893937
1519.5623196969698
1479.6112367424246
1522.6824740530303
1525.6583986742428
1532.706296590909
1538.0393070075754
1535.4858625
1579.0814378787882
1558.9179833333328
1557.0661950757574
1560.6865011363634
1554.2533242424245
1486.4261458333335
1517.9353517045456
1508.532720643939
1489.6457746212118
1520.6624274621208
1471.733159090909
1515.7651958333329
1512.7359532196972
1448.3157104166664
1427.37990719697
1428.851571590909
1473.0770431818182
1491.414166477273
1384.8651914772724
1399.8468212121209
1536.9774179924245
1578.673795265152
1611.357925946969
1611.04895625
1555.0614642045455
1577.617459090909
1561.224484659091
256.12349644886365
0.0
0.0
0.0
0.0
0.0
0.0
0.0
0.0
0.0
0.0
0.0
12.90907815163352
0.0
1502.1026375
1148.578753503788
12.140999719330805
0.0
0.0
0.0
0.0
0.0
0.0
0.0
0.0
0.0
0.0
0.0
0.0
0.0
0.0
0.0
0.0
0.0
0.0
0.0
0.0
913.1706355468751
1528.3875818181818
1520.7007388257582
1537.4129107954554
1556.3546282196971
1538.3876856060606
407.25294192708367
255.54557823153408
345.81545981889195
0.0
0.0
0.0
0.0
0.0
0.0
0.0
0.0
0.0
0.0
0.0
0.0
0.0
0.0
0.0
0.0
0.0
0.0
0.0
0.0
0.0
0.0
0.0
0.0
0.0
0.0
0.0
0.0
0.0
0.0
0.0
0.0
0.0
0.0
0.0
0.0
0.0
0.0
0.0
0.0
0.0
0.0
0.0
0.0
0.0
0.0
0.0
0.0
0.0
0.0
0.0
0.0
0.0
0.0
0.0
0.0
0.0
0.0
0.0
0.0
0.0
0.0
0.0
0.0
0.0
0.0
0.0
0.0
0.0
0.0
0.0
0.0
0.0
0.0
0.0
0.0
0.0
0.0
0.0
0.0
0.0
0.0
0.0
0.0
0.0
0.0
0.0
0.0
0.0
0.0
18.079127272727273
0.0
0.0
0.0
0.0
0.0
0.0
0.0
0.0
0.0
0.0
0.0
0.0
0.0
0.0
0.0
0.0
0.0
0.0
0.0
0.0
0.0
0.0
0.0
0.0
0.0
0.0
0.0
0.0
0.0
0.0
0.0
0.0
0.0
0.0
0.0
0.0
0.0
0.0
0.0
0.0
0.0
0.0
0.0
0.0
0.0
0.0
0.0
0.0
0.0
0.0
0.0
0.0
0.0
0.0
0.0
0.0
0.0
0.0
0.0
0.0
0.0
0.0
0.0
0.0
0.0
0.0
0.0
0.0
0.0
0.0
0.0
0.0
0.0
400.3956143732245
1509.346869318182
1524.4832922348482
1522.747515340909
1521.998376893939
1495.9556920454545
1507.911763636364
1511.5127327651508
1520.711696590909
1510.1265905303037
1482.0259988636356
1533.5661022727274
1548.7530636363635
1518.57484905303
1470.319604734848
1471.5892236742418
1469.0796043560608
1475.9380189393935
1439.6908090909092
1468.574514393939
1497.73575530303
1499.2040479166665
1462.8457482954555
1439.9138291666661
1446.2919157196973
1433.2512488636364
1427.596953409091
1444.776178409091
1468.489010606061
1509.2198126893936
1477.4612776515155
1501.0736132575764
1480.128097159091
1460.725406818182
1495.5694439393935
1493.5626554924245
1483.5048814393936
1480.5429602272727
1523.97452594697
1519.2570946969702
1484.8221403409093
1505.0793195075755
1497.7799420454546
1484.2753145833337
1500.843899621212
1512.5163410984844
1511.5964428030297
1462.6900992424244
1460.7140255681818
1475.3207162878791
1507.521547727273
1540.117078787879
1510.416915909091
1558.4632189393944
1554.7723089015155
1541.050390340909
1588.920712689394
1530.0520579545455
1536.404160416667
1546.6928170454544
1509.49597935606
1503.4410564393938
1451.5561221590908
1494.389859090909
1468.9285619318182
1409.5742200757572
1439.8722604166664
1437.6194583333338
1453.5088636363637
1445.9928816287875
1509.8353969696975
1570.9644022727275
1541.2890507575755
1548.854457765152
1536.52628939394
1561.3053636363636
1634.4073013257575
1547.5316149621212
1568.441923484848
1560.7174170454543
1537.0752837121208
1510.9766085227272
1479.2808020833336
1495.7923820075755
1482.3996054924244
1458.5849259469703
1472.2109248106065
1486.4207729166671
1543.9041501893937
1467.7650204545453
1431.3466738636364
1485.1939424242419
1497.358349621212
1494.7128909090907
1435.857315909091
1471.8025825757582
1461.60938219697
1430.2395121212116
1447.8385926136364
1463.4430613636364
372.1499486039595
0.0
0.0
0.0
0.0
0.0
0.0
0.0
0.0
0.0
0.0
0.0
0.0
0.0
0.0
0.0
0.0
0.0
0.0
0.0
0.0
0.0
0.0
0.0
0.0
0.0
0.0
0.0
0.0
0.0
0.0
0.0
0.0
0.0
0.0
0.0
0.0
0.0
0.0
0.0
0.0
0.0
0.0
0.0
0.0
0.0
0.0
0.0
0.0
0.0
0.0
0.0
0.0
0.0
0.0
0.0
0.0
0.0
0.0
0.0
0.0
0.0
0.0
0.0
0.0
0.0
0.0
0.0
0.0
0.0
0.0
0.0
0.0
0.0
0.0
0.0
0.0
0.0
0.0
0.0
0.0
0.0
0.0
0.0
0.0
0.0
0.0
0.0
0.0
0.0
0.0
0.0
0.0
0.0
0.0
0.0
0.0
0.0
0.0
0.0
0.0
0.0
0.0
0.0
0.0
0.0
0.0
0.0
0.0
0.0
0.0
0.0
0.0
0.0
0.0
0.0
0.0
0.0
0.0
0.0
0.0
0.0
0.0
0.0
0.0
0.0
0.0
0.0
0.0
0.0
0.0
0.0
0.0
0.0
0.0
0.0
0.0
0.0
0.0
0.0
0.0
0.0
0.0
0.0
0.0
0.0
0.0
0.0
0.0
0.0
0.0
0.0
0.0
0.0
0.0
0.0
0.0
0.0
0.0
0.0
0.0
0.0
0.0
0.0
0.0
0.0
0.0
0.0
0.0
0.0
0.0
0.0
0.0
0.0
0.0
0.0
0.0
0.0
0.0
0.0
0.0
0.0
0.0
0.0
0.0
0.0
0.0
0.0
0.0
0.0
0.0
0.0
0.0
0.0
0.0
0.0
0.0
0.0
0.0
0.0
0.0
0.0
0.0
0.0
0.0
0.0
0.0
0.0
0.0
0.0
0.0
0.0
0.0
0.0
0.0
0.0
0.0
0.0
0.0
0.0
0.0
0.0
0.0
0.0
0.0
0.0
0.0
0.0
0.0
0.0
0.0
0.0
0.0
0.0
0.0
0.0
0.0
0.0
0.0
0.0
0.0
0.0
0.0
0.0
0.0
0.0
0.0
0.0
0.0
0.0
0.0
0.0
0.0
0.0
0.0
0.0
0.0
0.0
0.0
0.0
0.0
0.0
0.0
0.0
0.0
0.0
0.0
0.0
0.0
0.0
0.0
0.0
0.0
0.0
0.0
0.0
0.0
0.0
0.0
0.0
0.0
0.0
0.0
0.0
0.0
0.0
0.0
0.0
0.0
0.0
0.0
0.0
0.0
0.0
0.0
0.0
0.0
0.0
0.0
0.0
0.0
0.0
0.0
0.0
0.0
0.0
0.0
0.0
0.0
0.0
0.0
0.0
0.0
0.0
0.0
0.0
0.0
0.0
0.0
0.0
0.0
0.0
0.0
0.0
0.0
0.0
0.0
0.0
0.0
0.0
0.0
0.0
0.0
0.0
0.0
0.0
0.0
0.0
0.0
0.0
0.0
0.0
0.0
0.0
0.0
0.0
0.0
0.0
0.0
0.0
0.0
18.359772727272727
0.0
0.0
0.0
0.0
0.0
0.0
0.0
0.0
0.0
0.0
0.0
0.0
0.0
0.0
0.0
0.0
0.0
0.0
0.0
0.0
0.0
0.0
0.0
0.0
0.0
0.0
0.0
0.0
0.0
0.0
0.0
0.0
0.0
0.0
0.0
0.0
0.0
0.0
0.0
0.0
0.0
0.0
0.0
0.0
0.0
0.0
0.0
0.0
0.0
0.0
0.0
0.0
0.0
0.0
0.0
0.0
0.0
0.0
0.0
0.0
0.0
0.0
0.0
0.0
0.0
0.0
0.0
0.0
0.0
0.0
0.0
0.0
0.0
0.0
0.0
0.0
0.0
0.0
0.0
0.0
0.0
0.0
0.0
0.0
0.0
0.0
0.0
0.0
0.0
0.0
0.0
0.0
0.0
0.0
0.0
0.0
0.0
0.0
0.0
0.0
0.0
0.0
0.0
0.0
0.0
0.0
0.0
0.0
0.0
0.0
0.0
0.0
0.0
0.0
0.0
0.0
0.0
0.0
0.0
0.0
0.0
0.0
0.0
0.0
0.0
0.0
0.0
0.0
0.0
0.0
0.0
0.0
0.0
0.0
0.0
0.0
0.0
0.0
0.0
0.0
0.0
0.0
0.0
0.0
0.0
0.0
0.0
0.0
0.0
0.0
0.0
0.0
0.0
0.0
0.0
0.0
0.0
0.0
0.0
0.0
0.0
0.0
0.0
0.0
0.0
0.0
0.0
0.0
0.0
0.0
0.0
0.0
0.0
0.0
0.0
0.0
0.0
0.0
0.0
0.0
0.0
0.0
0.0
0.0
0.0
0.0
0.0
0.0
0.0
0.0
0.0
0.0
0.0
0.0
0.0
0.0
0.0
0.0
0.0
0.0
0.0
0.0
0.0
0.0
0.0
0.0
0.0
0.0
0.0
0.0
0.0
0.0
0.0
0.0
0.0
0.0
0.0
0.0
0.0
0.0
0.0
0.0
0.0
0.0
0.0
0.0
0.0
0.0
0.0
0.0
0.0
0.0
0.0
0.0
0.0
0.0
0.0
0.0
0.0
0.0
0.0
0.0
0.0
0.0
0.0
0.0
0.0
0.0
0.0
0.0
0.0
0.0
0.0
0.0
0.0
0.0
0.0
0.0
0.0
0.0
0.0
0.0
0.0
0.0
0.0
0.0
0.0
0.0
0.0
0.0
0.0
0.0
0.0
0.0
0.0
0.0
0.0
0.0
0.0
0.0
0.0
0.0
0.0
0.0
0.0
0.0
0.0
0.0
0.0
0.0
0.0
0.0
0.0
0.0
0.0
0.0
0.0
0.0
0.0
0.0
0.0
0.0
0.0
0.0
0.0
0.0
0.0
0.0
0.0
0.0
0.0
0.0
0.0
752.9107520567
1831.30769090909
1803.8994253787873
1955.388100378788
1883.4327924242427
1880.8892246212126
1885.346772537878
1883.1474708333328
1853.0347903409083
1886.8982962121217
1881.2013013257574
1907.9586375000001
1896.6308873106063
1913.0720049242418
1908.908559848485
1957.1240212121213
1926.7875115530298
1928.223160037879
1948.7926679924242
1954.4026068181818
1938.55587405303
1963.5534445075764
1927.8544585227282
1911.7380996212116
1882.3338416666663
1923.1036928030298
1931.0391825757572
1849.6417465909092
1804.1770528409093
1838.4991130681817
1857.6207085227272
1893.4279729166665
1894.587703787879
1896.5512128787884
1859.6888660984848
1908.3997806818181
1899.3740236742428
1924.4418585227272
1942.598415909091
1950.9776696969702
1929.5035482954545
1920.8128443181815
1956.7891750000001
1964.9494181818181
2019.7796333333338
2013.0141393939398
1922.65472405303
1916.6267857954556
1874.8159236742417
1879.5813087121207
1877.2138575757579
1837.2664352272732
1819.4707513257572
1857.7031992424245
1849.4993602272727
1847.1513645833336
1765.8251643939393
1812.125624431818
1884.7251284090905
1886.8550054924235
1879.7894295454548
1831.0031632575758
1814.3691594696966
1888.0782647727267
1909.8187083333337
1929.5301132575755
1972.5071214015145
1964.6375681818174
1962.3476967803026
1963.9140295454547
2039.0891723484847
1992.5312128787882
1963.3708306818176
1878.887625
1874.7082435606062
1861.6337831439394
1858.9533064393945
1842.6758945075753
1934.9175378787884
2073.7785787878793
1970.5587015151518
1957.1641030303028
1961.6160380681822
1942.1350026515158
1935.4435545454546
1887.5764823863638
1874.3278960227262
1874.1166142045442
1990.13334810606
1982.3024818181816
2000.1830873106053
2033.2244848484845
2088.956865151515
2078.2359452651513
2062.091515909091
2018.1224051136364
1957.5220888257572
1887.785083712121
1903.257697727273
1859.3054668560608
1900.6849636363636
1932.06468560606
1936.7041170454547
1952.19600719697
1976.2492818181818
1985.984999431818
2034.454784469697
2048.797840530304
2065.6094964015147
2060.0376009469696
2002.3735727272726
2062.954150378788
2049.4299638257576
2021.474860606061
2015.9129886363633
2025.7799598484853
2049.9016433712127
1984.5462134469692
1964.4120704545455
1968.1991301136366
1996.9317160984845
2003.5245323863637
2026.869341287879
2058.4103202651513
1895.1917126893934
2040.094379356061
2022.5346329545455
1988.8991356060608
2012.3065899621208
1922.0317526515157
1935.1367410984844
1991.4266626893948
1979.3429462121212
1973.663951136364
1971.383384659091
1991.296794318182
1967.310083522727
1973.2258664772728
1951.535627462121
1978.5673547348495
1957.8965587121209
1992.6289793560609
1954.386303219697
1953.7475785984846
2013.30729375
2064.843223674243
1984.5344130681822
2006.5056575757574
1859.300891856061
1987.9050948863637
1895.3346897727272
1900.1661507575757
1919.8621519135327
1911.8078320075765
1909.4392092803043
1939.1640981060607
1972.4198820075756
1964.7058977272727
1956.3655024621207
1938.1539869318183
1966.428452840909
1942.2075113636363
1986.569528977273
1940.6914494318182
1944.6344145833332
1991.9747134469699
1953.6251337121219
1971.615616666666
2008.4313808712113
1991.5463085227273
2058.7928435606054
1832.5836821969688
2034.117945265152
1999.8190727272731
1964.1118503787875
1932.262856818182
1885.489426325758
1819.5259250000001
1922.5809947483308
2043.219179924242
1928.7237827651509
1890.2397501893945
1984.2376613636368
1956.572364015152
2011.3192749999996
1995.2152376893937
1965.7495340909095
2005.9102513257574
1969.8680471590908
1990.909127462122
1995.42107159091
1978.8249223484845
2017.5477547348482
2010.8011765151518
1943.658311553031
1875.6671821969699
1885.5270111742427
1927.1880306818173
1877.5400151515166
1875.8347604166663
1893.5466714015145
1927.6247602272726
1960.9572499999997
2061.8112929924246
2012.0424954545454
2022.1258681818172
2017.603238446969
1995.3955251893933
2017.1009371212128
2007.8760473484856
1979.51336875
1953.196654734849
2031.6650958333332
2023.7619964015146
2008.366103409091
2009.830926893939
2030.00152594697
1970.1829444080633
1989.4018514808552
2023.9458130681824
1927.4656448863636
1908.6397013257572
1953.3590075757572
1928.9874028409095
1870.3818772727275
1884.2513143939395
1949.2261136363638
2003.2294187500004
2008.0301109848492
2006.965937121213
1996.2512130681816
2005.1825892045456
1977.7830748106062
2023.8780731060613
1967.9887975378792
2032.1199253787884
2067.5671604166664
2096.616010984848
2003.5290647727272
2010.0322589015152
1965.5828238636363
1917.97592310606
1916.8638123106064
1974.0137602272728
1919.4212416666667
1784.1915217803025
1929.44825530303
1924.4579342803029
1926.0504151515154
1884.6652227272725
2036.541280681818
2048.656640719697
2070.330111174243
2080.2025910984844
1958.9094954545458
1922.8437482954541
1925.6335964015154
1938.873414962121
1948.2750632575755
1964.7599799242425
1989.6029066287874
1970.3700507575754
1919.2086560606053
1987.815681628788
2084.4672426136367
1955.3829433712128
1920.042635984849
1901.7332071969706
1863.9042568181817
1799.2127749999997
1808.1361626893936
1800.7317399621209
1837.6668945075755
1817.8940922348481
1760.5846814393947
1824.0887329545453
1921.3769931818183
1922.2510295454545
1929.155211174243
1918.3711763257575
1905.8311420454547
1889.7633034090907
1918.8531857954547
1902.6615994318179
1889.9257393939392
1842.9454352272726
1855.9204969696975
1896.4759602272736
1878.22078030303
1815.1812863636362
1773.1225541666674
1798.3895026515156
1789.0395375
1804.7778464015153
1828.3425426136373
1824.1189643939395
1759.1490193181817
1750.2598916666661
1787.626835416667
1780.6137312499998
1754.7885755681818
1861.1216392045453
1963.9246626893937
1928.585566856061
1907.5464846590912
1974.928356818182
1895.2264433712119
1935.3170255681819
1953.547153409091
1916.017827462121
1898.7916727272727
1849.5907736742427
1825.695196212121
1775.8147738636364
1695.312672727273
1680.4338695075755
1671.5447204545453
1706.0566585227273
1813.0710270833335
1781.6591575757573
1777.364868560606
1745.24106723485
1722.8462723484847
1702.182210984848
1839.652232954545
1874.4568628787883
1919.9435265151512
1878.1732888257573
1961.3547674242416
1889.9300742424246
1814.761878409091
1841.7097410984845
1827.4871471590916
1877.3521810606064
1877.7474547348486
1881.3578704545455
1871.1499376893933
1854.7568386363637
1834.224499431818
1818.4356104166661
1786.8096034090913
1846.7953852272728
1813.2034530303035
1844.283729734849
1817.5675568181816
1820.893094318182
1790.4018409090904
1812.14392689394
1782.6469297348485
1741.8978630681816
1733.862445265152
1851.406568371212
1813.6553249999997
1820.777375568182
1913.4656662878785
1898.3179772727271
1852.047570265152
1835.3470327912744
1900.7119857954547
1827.9274482954547
1656.5234893939391
1879.1188880681823
1811.644445265152
1789.1857888257573
1742.8505524621207
1821.1009308712119
1725.1615592803028
1729.3340244318179
1751.0522803030299
1709.638925
1741.66146155303
1787.30184810606
1813.5923721590907
1799.633751515152
1806.362193560606
1803.5815626893936
1799.8282390151521
1788.992209659091
1906.3320928030305
1925.9244524621217
1845.6081365530301
1829.5516965909092
1817.6334125
1835.380307765152
1837.5574621212118
1844.7903363636362
1823.8172295454547
1840.4236308712118
1855.9734723484835
1852.4827482954547
1825.4632774621207
1797.5237929924238
1835.9601839015156
1845.9896481060607
1840.3322153409092
1855.42345094697
1880.8872662878791
1950.6007799242427
1952.8696481060613
1935.0317458333338
1907.9521679924248
1926.586461363636
1918.0636535984847
1972.2217969696967
1945.8515939393933
1969.5862056818185
2035.3926982954545
2012.7065384469688
1980.5654155303034
1945.5363918560608
1888.9583482954547
1819.3953151515154
1820.0237124999999
1775.1081024621212
1888.3854666666664
1826.1864456439396
1863.9425145833336
1940.4335856060598
1903.539010037879
1915.9291678030306
1931.8230039772723
1919.8709520833327
1954.017073863637
1932.993195833334
1918.1703910984847
1924.6588808712115
1932.7653619318182
1981.0336181818182
1980.607377462122
1954.4587825757583
2012.444411931818
1951.8347748106064
1881.0811090909092
1900.5124335227272
1891.8888045454544
1870.1302808712132
1856.3106316287872
1903.1702715909087
1890.9005566287874
1894.2563240530303
1906.8374924242419
1864.925900000001
1889.0992562499998
1897.0855375
1871.9287102272726
1870.7650073863638
1870.7125178030299
1861.9282077651517
1862.1390015151517
1883.5174214015142
1933.5698780303037
1904.688781060606
1874.6625022727274
1904.8336765151528
1939.9958719696972
1947.6533270833336
1920.4451731060608
1980.1632723484845
1937.8068306818184
1968.28489469697
1921.372833712121
1908.0750604166662
1945.1215032196974
1996.967559659091
1988.0306571969697
1936.788178219697
1977.8670632575754
1979.4545530303026
1942.930193560606
1936.761216856061
1874.9496628787879
1894.033318939394
1902.4964068181819
1896.3355952651516
1893.7724570075754
1883.3703454545453
1888.6897772727273
1899.440109659091
1849.1523193181818
1858.2427299242424
1942.1843109848485
2022.3118125
1979.5760861742428
1911.7601473484845
2000.9697242424247
2065.4534886363635
2059.182078787879
1947.0968047348479
1771.8730373106062
1785.2833356060598
1818.2769168560596
1807.570922727273
1811.1907155303038
1808.4106770833337
1879.5065590909091
1871.3552590909092
1862.743502840909
1827.5891878787882
1822.558894318182
1850.174219696971
1863.423909090909
1884.9324068181816
716.6602651988636
0.0
0.0
0.0
0.0
0.0
0.0
0.0
0.0
0.0
0.0
0.0
0.0
0.0
0.0
0.0
0.0
0.0
0.0
0.0
0.0
0.0
0.0
0.0
0.0
0.0
0.0
0.0
0.0
0.0
0.0
0.0
0.0
0.0
0.0
0.0
0.0
0.0
0.0
0.0
0.0
0.0
0.0
0.0
0.0
0.0
0.0
0.0
0.0
0.0
0.0
0.0
0.0
0.0
0.0
0.0
0.0
0.0
0.0
0.0
0.0
0.0
0.0
0.0
0.0
0.0
0.0
0.0
0.0
0.0
0.0
0.0
0.0
0.0
0.0
0.0
0.0
0.0
0.0
0.0
0.0
0.0
0.0
0.0
0.0
0.0
0.0
0.0
0.0
0.0
0.0
0.0
0.0
0.0
0.0
0.0
0.0
0.0
0.0
0.0
0.0
0.0
0.0
0.0
0.0
0.0
0.0
0.0
0.0
0.0
0.0
0.0
0.0
0.0
0.0
0.0
0.0
0.0
0.0
0.0
0.0
0.0
0.0
0.0
0.0
0.0
0.0
0.0
0.0
0.0
0.0
0.0
0.0
0.0
0.0
0.0
0.0
0.0
0.0
0.0
0.0
0.0
0.0
0.0
0.0
0.0
0.0
0.0
0.0
0.0
0.0
0.0
0.0
0.0
0.0
0.0
0.0
0.0
0.0
0.0
0.0
0.0
0.0
0.0
0.0
0.0
0.0
0.0
0.0
0.0
19.994806289210455
1918.0434160984842
1870.1247609848492
1925.6685920454527
1985.7079013257573
1929.2557655303026
1967.432975378789
1937.4340373106052
2079.6841443181825
2064.7019174242428
2003.05538314394
2025.258032575757
2035.1497873106064
2037.0157378787894
2076.0911531176384
2088.3808651515155
2045.524776515151
2071.0369708333333
2110.342322727273
2103.4639738636365
2201.662443750001
2287.89633030303
2254.826068103448
2224.4491132575754
2132.3472291666676
1834.38881155303
2025.672673106061
2090.8146348484847
2006.0821441287883
2018.620503409091
1918.9123352272718
1909.5942895833336
1984.4974823863638
2044.8366198863637
2106.2331799242424
2004.3542460227284
1938.55021534091
1980.0853460227272
1968.5535227272726
2019.598319128788
2017.748070265151
1992.6285329545456
2108.1201121212116
2056.459974810605
2094.2211625
2098.5195075757574
2160.2336276515157
2137.1317075039183
2058.277900568182
1925.542317424243
1947.3440708333337
1942.6901448863637
1970.464151920063
1963.2085320075755
2018.2601473484842
2002.6234581439394
2067.405535037878
2062.903938825757
2086.415617045455
2124.300184090909
2167.5757564393934
2172.4852878787883
2165.6900723484846
2148.9472314393934
2156.2536484848483
2148.9186310606065
2163.3136598484853
2159.433222537879
2130.863827272727
2147.7524522727276
2234.578737878788
162.34413084161932
0.0
0.0
0.0
0.0
0.0
0.0
0.0
0.0
0.0
0.0
0.0
0.0
0.0
0.0
0.0
0.0
0.0
0.0
0.0
0.0
0.0
0.0
0.0
0.0
0.0
0.0
0.0
0.0
0.0
0.0
0.0
0.0
0.0
0.0
0.0
0.0
0.0
0.0
0.0
0.0
0.0
0.0
0.0
0.0
0.0
0.0
0.0
0.0
0.0
0.0
0.0
0.0
0.0
0.0
0.0
0.0
0.0
0.0
0.0
0.0
0.0
0.0
0.0
0.0
0.0
0.0
0.0
0.0
0.0
0.0
0.0
0.0
0.0
0.0
0.0
0.0
0.0
0.0
0.0
0.0
0.0
0.0
0.0
0.0
0.0
0.0
0.0
0.0
0.0
0.0
0.0
0.0
0.0
0.0
0.0
0.0
0.0
0.0
0.0
0.0
0.0
0.0
0.0
0.0
0.0
0.0
0.0
0.0
0.0
0.0
0.0
0.0
0.0
0.0
0.0
0.0
0.0
0.0
0.0
0.0
0.0
0.0
0.0
0.0
0.0
0.0
0.0
0.0
0.0
0.0
0.0
0.0
0.0
0.0
0.0
0.0
0.0
0.0
0.0
0.0
0.0
0.0
0.0
0.0
0.0
0.0
0.0
0.0
0.0
0.0
0.0
0.0
0.0
0.0
0.0
0.0
0.0
0.0
0.0
0.0
0.0
0.0
0.0
0.0
0.0
0.0
0.0
0.0
0.0
0.0
0.0
0.0
0.0
0.0
0.0
0.0
0.0
0.0
0.0
0.0
0.0
0.0
0.0
0.0
0.0
0.0
0.0
0.0
0.0
0.0
0.0
0.0
0.0
0.0
0.0
0.0
0.0
0.0
0.0
0.0
0.0
0.0
0.0
0.0
0.0
0.0
0.0
0.0
0.0
0.0
0.0
0.0
0.0
0.0
0.0
0.0
0.0
0.0
0.0
0.0
0.0
0.0
0.0
0.0
0.0
0.0
0.0
0.0
0.0
0.0
0.0
0.0
0.0
0.0
0.0
0.0
0.0
0.0
0.0
0.0
0.0
0.0
0.0
0.0
0.0
0.0
0.0
0.0
0.0
0.0
0.0
0.0
0.0
0.0
0.0
0.0
0.0
0.0
0.0
0.0
0.0
0.0
0.0
0.0
0.0
0.0
0.0
0.0
0.0
0.0
0.0
0.0
0.0
0.0
0.0
0.0
0.0
0.0
0.0
0.0
0.0
0.0
0.0
0.0
0.0
0.0
0.0
0.0
0.0
0.0
0.0
0.0
0.0
0.0
0.0
0.0
0.0
0.0
0.0
0.0
0.0
0.0
0.0
0.0
0.0
0.0
0.0
0.0
0.0
0.0
0.0
0.0
0.0
0.0
0.0
0.0
0.0
0.0
0.0
0.0
0.0
0.0
0.0
0.0
0.0
0.0
0.0
0.0
0.0
0.0
0.0
0.0
0.0
0.0
0.0
0.0
0.0
0.0
0.0
0.0
0.0
0.0
0.0
0.0
0.0
0.0
0.0
0.0
0.0
0.0
0.0
0.0
0.0
0.0
0.0
0.0
0.0
0.0
0.0
0.0
0.0
0.0
0.0
0.0
0.0
0.0
0.0
0.0
0.0
0.0
0.0
0.0
0.0
0.0
0.0
0.0
0.0
0.0
0.0
0.0
0.0
0.0
0.0
0.0
0.0
0.0
0.0
0.0
0.0
0.0
0.0
0.0
0.0
0.0
0.0
0.0
0.0
0.0
0.0
0.0
0.0
0.0
0.0
0.0
0.0
0.0
0.0
0.0
0.0
0.0
0.0
0.0
0.0
0.0
0.0
0.0
0.0
0.0
0.0
0.0
0.0
0.0
0.0
0.0
0.0
0.0
0.0
0.0
0.0
0.0
0.0
0.0
0.0
0.0
0.0
0.0
0.0
0.0
0.0
0.0
0.0
0.0
0.0
0.0
0.0
0.0
0.0
0.0
0.0
0.0
0.0
0.0
0.0
0.0
0.0
0.0
0.0
0.0
0.0
0.0
0.0
0.0
0.0
0.0
0.0
0.0
0.0
0.0
0.0
0.0
0.0
0.0
0.0
0.0
0.0
0.0
0.0
0.0
828.8757994066647
1931.4649329545455
692.7304413648197
1988.1801916666666
1938.554840340909
2004.2052304924248
2063.8447261363635
2148.866934090909
2125.197643371212
2054.418287310605
2051.70059905303
2056.235285037879
2063.7146575757574
2018.0094
1986.0616204545454
1950.8047606060609
1928.8838085227276
1953.2188348484844
1927.9701128787872
1944.4546049242424
1949.6773306818184
1947.5653320075764
1924.5083136363633
1894.3674392045455
1982.5357223484846
1955.269672159091
2002.293027083334
1936.809174621212
1882.7764210227285
1828.6665967803035
2087.4415537878795
1949.6961170454547
1973.3599704545456
1980.873763068182
1948.672539393938
1923.4930562499999
1935.9234640151517
1932.5494308712123
1934.7850020833348
1945.3422193181818
1950.941543371212
1963.49119375
1969.9313329545453
1940.4653719696973
1961.9747295454545
1961.5074981060607
1992.5429130681814
1982.9015839015156
1977.3678534090907
1996.5988125000001
1976.1494623106055
1994.1861346590906
2032.2750079545453
2023.9526164772717
1991.5755494318182
2089.8542844696963
2055.645549810606
2035.886849431818
2042.355183143939
2017.0325145833338
1960.6321772727276
1994.3217316287883
2025.6560749999999
2008.7335500000002
2005.5855331439393
2008.6674776515158
1981.9168039772726
1942.0466089015156
1987.9385318181814
1957.5094208333342
1964.414042234848
1939.2498532196973
1988.1601109848486
2012.3587755681817
2046.3641202651509
2069.5059274621212
2007.2843920454543
1970.1184585227275
1933.4726138257572
1961.253653977273
1946.4358549242427
1905.6776384469701
1930.2003901515154
1959.33000189394
1968.0010556818181
1949.062374053031
1919.0262517045455
1953.12461155303
1899.3811320075752
1924.8077647727273
1929.0439765151518
1927.2774846590908
1880.794389583334
1903.3778929924244
1892.8306460227273
1904.0731066287883
1922.9476346590907
1968.0026469696975
1926.1867522727268
1958.505753977273
1943.0937310606062
1782.9232727272727
1859.4483392045447
1882.19446875
1884.1711386363634
1871.0387797348492
1897.6281621212127
1923.87522594697
1948.8799869318182
1957.0518176136363
2005.9091780303027
2011.7240653409092
1987.9885496212119
2034.3924876893936
1987.817139015152
2014.4481081439399
1978.718075757575
2018.0394903409103
2006.50011875
1991.1213778409094
2043.152333333333
1966.6805537878781
1977.1203778409088
1987.90404810606
2082.6505920454547
2024.942865909092
1964.9024414772728
1972.9332562499999
2068.247843181818
2049.8629714015146
1969.448157196969
2015.899675
2009.4000321969688
2021.803025189394
1938.9911356060607
1982.6488660984853
1950.1283096590907
1948.4327990530298
1921.1840458333331
1950.3907623106063
1943.6350020833336
1969.2227518939392
1989.819153977273
2112.204613636364
2120.543918371212
2010.8125242424246
1938.2305844696964
1563.7208373106055
1835.4329556818184
1767.4102473484845
1674.2335477272727
1696.5269009469703
1867.5557609848495
1731.2704848484855
1682.5681242424237
1713.1655916666664
1534.2811869318184
1735.840568560605
1753.5021517045454
1728.416963068182
1749.5734791666664
1724.050823106061
1721.4816882575753
1723.1749924242417
1753.6692085227273
1801.0190753787879
1798.5060124999998
1824.0652854166663
1823.1434937500003
1828.4389416666666
1887.6975799242425
1943.38373125
1991.640911174243
2023.2284890151518
2009.607119886364
1997.3968547348484
2006.1815714015145
2069.912637878788
2144.0916196969697
2081.6401973484844
2087.441610795455
2066.602962310606
2098.671440151515
1988.7701564393935
1977.0056852272728
1965.497276136364
1977.9046125
1988.5300363636363
1973.8118810606063
1998.6664645833334
2002.5405111742418
2002.8070526515146
2026.333215909091
2037.9367844696972
1984.0638012294555
1950.2484772727273
1984.4963473484845
1992.3565
2044.6372782196972
2080.439809659091
2073.228431060605
2091.7273107954547
2079.1654329545454
2089.0972003787883
2110.143822916666
2071.768269886363
2135.94569905303
2164.473467424243
2070.060013636363
2010.0092651515145
2027.8304920454545
2039.4341617424245
2141.217717803031
2164.34550435606
2048.8605782196973
2038.787297537879
1999.795889962121
2040.431289015151
2017.407925000001
2017.9191672348484
2017.8386897727273
2012.7369704545454
2066.358525
2024.8422787878794
2047.050412878787
2100.9234829545453
2051.4419738636357
2056.9017344696963
2055.7468922348485
2090.9711954545455
2088.8287166666664
2079.2645231060606
2074.0929306818184
2088.8780310606057
2065.555669318183
2026.8692181818171
2009.3222935606054
1994.7139051136364
1974.8444488636362
2011.8290888257563
2022.4001280303028
2014.013995265151
2060.85903844697
2107.608433333334
2199.290732196969
2150.429260037879
2029.1074727272724
1997.57346969697
1981.911123674242
1964.769584469697
1941.7357486742426
1949.420300568182
1960.77414469697
1972.4683140151517
1952.3946632575755
2008.1924893939397
1979.6747670454547
1982.7349401515157
1942.3668236742424
1960.8756556818182
1963.2293573863637
1964.7577390151507
2016.4594945075762
1963.75552594697
1938.782189015152
2035.798719318182
2056.1004282196973
2014.3873941287884
1981.0937596590907
2002.5982005681815
1979.635699431818
1952.2035952651515
1949.464482575757
1934.522945265152
1925.005991287878
1965.716969507576
1965.8449740530302
1965.47072405303
1971.7314128787882
1983.9126479166664
1982.363966287879
1962.8467117424245
1975.2826623106055
1959.3450034090909
1970.2948339015152
1968.7920164772718
2067.8459162878785
2045.904174621213
1972.9842443181822
1983.9640625
2047.1479013257572
2057.6239018939395
2047.0102210227271
2029.4259801136361
2037.1266526515158
2029.7601886363634
2052.6724265151515
2071.937510227273
2067.6127140151507
2061.791744128788
2026.1069598484844
2067.3027782196973
2102.0112530303027
2078.691150568182
2039.7023242424243
1972.1540089015145
1962.7120539772725
2009.2474909090909
2031.8620022727273
2037.0934916666665
2106.8847083333335
2098.9983638257577
1270.7600997366235
0.0
0.0
0.0
0.0
0.0
0.0
0.0
0.0
0.0
0.0
0.0
0.0
0.0
0.0
0.0
0.0
0.0
0.0
0.0
0.0
0.0
0.0
0.0
0.0
0.0
0.0
0.0
0.0
0.0
0.0
0.0
0.0
0.0
0.0
0.0
0.0
0.0
0.0
0.0
0.0
0.0
0.0
0.0
0.0
0.0
0.0
0.0
0.0
0.0
0.0
0.0
0.0
0.0
0.0
0.0
0.0
0.0
0.0
0.0
0.0
0.0
0.0
0.0
0.0
0.0
0.0
0.0
0.0
0.0
0.0
0.0
0.0
0.0
0.0
0.0
0.0
0.0
0.0
0.0
0.0
0.0
0.0
0.0
0.0
0.0
0.0
0.0
0.0
0.0
0.0
0.0
0.0
0.0
0.0
0.0
0.0
0.0
0.0
0.0
0.0
0.0
0.0
0.0
0.0
0.0
0.0
0.0
0.0
0.0
0.0
0.0
0.0
0.0
0.0
0.0
0.0
0.0
0.0
0.0
0.0
0.0
0.0
0.0
0.0
0.0
0.0
0.0
0.0
0.0
0.0
0.0
0.0
0.0
0.0
0.0
0.0
0.0
0.0
0.0
0.0
0.0
0.0
0.0
0.0
0.0
0.0
0.0
0.0
0.0
0.0
0.0
0.0
0.0
0.0
0.0
0.0
0.0
0.0
0.0
0.0
0.0
0.0
0.0
0.0
0.0
0.0
0.0
0.0
1745.8152362689398
1881.2309356060607
1905.2832488636361
1886.4716685606063
1903.8142318181817
1878.184770454545
2136.8129306818178
2119.872649242424
2059.788539393939
2078.918164015153
2116.855137689394
2130.8223666666663
2131.9466753787883
2153.3403678030304
2147.264231818182
2169.458695265153
2160.752885227273
2234.9989935606063
2259.1937253787883
2258.9720753787883
2208.180975378788
2190.3344318181817
2242.288452272727
2190.3860367424236
2174.6910272727273
2181.351772727273
2212.9634284090903
2191.9404174242427
2230.7677719696962
2277.3310984848486
2212.6323727272725
2223.929201893939
2283.8140068181815
2260.8647700757574
2292.0352776515147
2249.975827272727
2182.373526515151
2178.244940340909
2191.459634090909
2185.145279166666
2155.2095579545453
2164.458296780303
2164.1205897727277
2119.798201325757
2085.1533136363632
2092.1503994318186
2078.7530386363637
2116.9273560606052
2076.5826261363636
2082.1326774621207
2108.6182895833326
2136.9043621212118
2136.293325000001
2125.569852462121
2079.510235227273
2096.3491926136367
2095.3699172348483
2142.809011742425
2272.1924068181816
2239.7953231060615
2174.398279545454
2152.6798007575753
2148.4571589015145
2200.336892803031
2190.1251954545455
2202.909775
2260.2001412878785
2307.3889363636367
2218.168998106061
2224.4822124999996
2273.0307715909094
2290.7937799242427
2190.467344318182
2198.5212284090912
2219.9498863636363
2200.392328409091
2012.2985821969698
1999.5169573863639
1960.8846513257572
1978.5488863636363
2022.01323655303
1991.2765373106056
2055.981423106061
2044.7312670454544
2078.301766856061
2142.155147348485
2025.8722289772727
2048.8054128787885
2021.063373106061
2035.519481628787
1990.2879539772728
2030.4442500000002
2064.629314772727
2170.684985606061
2232.5632685606065
2275.585935227273
2260.763340909091
2271.1380632575742
2128.512848863636
2152.6412079545453
2057.1773282196973
2038.2342738636362
2075.5550981060605
2056.3998392045455
2022.7619395833326
1999.8110130681816
2026.2815253787883
2031.829513068182
2007.4698331439392
2040.8592321969697
2006.1209382575762
2016.8161284090909
2040.6592971590906
2018.9223857954546
2041.9616958333327
2140.589823106061
2115.4215145833327
2058.457705681818
2038.7933645833334
2041.7906543560612
2002.5289320075763
1997.7608725378793
2085.6064350378783
2075.5774861742425
2071.619325
2100.816259469698
2081.875564772728
2117.0024570075757
2093.6631719696975
2089.177003977273
2092.6389545454545
2118.981204734849
2060.1164229166675
2082.7138522727273
2083.3790912878794
2106.9092157196974
2076.1155556818176
2110.765153409091
2062.242622159091
2094.4832856060607
2097.276547727273
2049.9399750000002
2077.237585416667
2063.1571170454545
2076.9087210227267
2071.060521590909
2038.287029545455
2032.7379850378784
1901.170782954545
1985.668214015152
2118.3094715909087
2091.7984869318184
2175.566124242424
2246.8521238636367
2331.738373106061
2315.9838071969702
2253.597584090909
2241.1132348484844
2183.6079401515162
2232.3638492424247
2311.8828049242425
2366.510958712122
2355.824564772727
2235.5931462121207
2182.1459424242425
2177.4561840909087
2188.6066833333334
2148.195046212121
2019.6086214015156
0.0
0.0
0.0
0.0
0.0
0.0
0.0
0.0
0.0
0.0
0.0
0.0
0.0
0.0
0.0
0.0
0.0
0.0
0.0
0.0
0.0
0.0
0.0
0.0
0.0
0.0
0.0
0.0
0.0
0.0
0.0
0.0
0.0
0.0
0.0
0.0
0.0
0.0
0.0
0.0
0.0
0.0
0.0
0.0
0.0
0.0
0.0
0.0
0.0
0.0
0.0
0.0
0.0
0.0
0.0
0.0
0.0
0.0
0.0
0.0
0.0
0.0
0.0
0.0
0.0
0.0
0.0
0.0
0.0
0.0
0.0
0.0
0.5939354403409092
0.0
0.0
0.0
0.0
0.0
0.0
0.0
0.0
0.0
0.0
0.0
0.0
0.0
0.0
0.0
0.0
0.0
0.0
0.0
0.0
0.0
0.0
0.0
0.0
0.0
0.0
0.0
0.0
0.0
0.0
0.0
0.0
0.0
0.0
0.0
0.0
0.0
0.0
0.0
0.0
0.0
0.0
0.0
0.0
0.0
0.0
0.0
0.0
0.0
0.0
0.0
0.0
0.0
0.0
0.0
0.0
0.0
0.0
0.0
0.0
0.0
0.0
0.0
0.0
0.0
0.0
0.0
0.0
0.0
0.0
0.0
0.0
0.0
0.0
0.0
0.0
0.0
0.0
0.0
0.0
0.0
0.0
0.0
0.0
0.0
0.0
0.0
0.0
0.0
0.0
0.0
0.0
0.0
0.0
0.0
0.0
0.0
0.0
0.0
0.0
0.0
0.0
0.0
0.0
0.0
0.0
0.0
0.0
0.0
0.0
0.0
0.0
0.0
0.0
0.0
0.0
0.0
0.0
0.0
0.0
0.0
0.0
0.0
51.24450636245263
0.0
0.0
0.0
0.0
0.0
0.0
0.0
0.0
0.0
0.0
0.0
0.0
0.0
0.0
0.0
0.0
0.0
0.0
0.0
0.0
0.0
0.0
0.0
0.0
0.0
0.0
0.0
0.0
0.0
0.0
0.0
0.0
0.0
0.0
0.0
0.0
0.0
0.0
0.0
0.0
0.0
0.0
0.0
0.0
0.0
0.0
0.0
0.0
0.0
0.0
0.0
0.0
0.0
0.0
0.0
0.0
0.0
0.0
0.0
0.0
0.0
0.0
0.0
0.0
0.0
0.0
0.0
0.0
0.0
0.0
0.0
0.0
0.0
0.0
0.0
0.0
0.0
0.0
0.0
0.0
0.0
0.0
0.0
0.0
0.0
0.0
0.0
0.0
0.0
0.0
0.0
0.0
0.0
0.0
0.0
0.0
0.0
0.0
0.0
0.0
0.0
0.0
0.0
0.0
0.0
0.0
0.0
0.0
0.0
0.0
0.0
0.0
0.0
0.0
0.0
0.0
0.0
0.0
0.0
0.0
0.0
0.0
0.0
0.0
0.0
0.0
0.0
0.0
0.0
0.0
0.0
0.0
0.0
0.0
0.0
0.0
0.0
0.0
0.0
0.0
0.0
0.0
0.0
0.0
0.0
0.0
0.0
0.0
0.0
0.0
0.0
0.0
0.0
0.0
0.0
0.0
0.0
0.0
0.0
0.0
0.0
0.0
0.0
0.0
0.0
0.0
0.0
0.0
0.0
0.0
0.0
0.0
0.0
0.0
0.0
0.0
0.0
0.0
0.0
0.0
0.0
0.0
0.0
0.0
0.0
0.0
0.0
0.0
0.0
0.0
0.0
0.0
0.0
0.0
0.0
0.0
0.0
0.0
0.0
0.0
0.0
0.0
0.0
0.0
0.0
0.0
0.0
0.0
0.0
0.0
0.0
0.0
0.0
0.0
0.0
0.0
0.0
0.0
0.0
0.0
0.0
0.0
0.0
0.0
0.0
0.0
0.0
0.0
0.0
0.0
0.0
0.0
0.0
0.0
0.0
0.0
0.0
0.0
0.0
0.0
0.0
0.0
0.0
0.0
0.0
0.0
0.0
0.0
0.0
0.0
0.0
0.0
0.0
0.0
0.0
0.0
0.0
0.0
0.0
0.0
0.0
0.0
0.0
0.0
0.0
0.0
0.0
0.0
0.0
0.0
0.0
0.0
0.0
0.0
0.0
0.0
0.0
0.0
0.0
0.0
0.0
0.0
0.0
0.0
0.0
0.0
0.0
0.0
0.0
0.0
0.0
0.0
0.0
0.0
0.0
0.0
0.0
0.0
0.0
0.0
0.0
0.0
0.0
0.0
0.0
0.0
0.0
0.0
0.0
0.0
0.0
0.0
0.0
0.0
0.0
0.0
0.0
0.0
0.0
0.0
0.0
0.0
0.0
0.0
0.0
0.0
0.0
0.0
0.0
0.0
0.0
0.0
0.0
0.0
0.0
0.0
0.0
0.0
0.0
0.0
0.0
0.0
0.0
0.0
0.0
0.0
0.0
0.0
0.0
0.0
0.0
0.0
0.0
0.0
0.0
0.0
0.0
0.0
0.0
0.0
0.0
0.0
0.0
0.0
0.0
0.0
0.0
0.0
0.0
