-5,27
-29,99
-56,65
-63,14
-64,62
-67
-72,54
-76,01
-71,45
-66,88
-62
-56,08
-49,96
-24,29
-5,59
0,23
11,02
23,5
22,91
21,02
21,05
21,95
23,52
18,96
18,12
14,99
13,63
12,15
11,83
14,55
22,58
41,92
47,95
49,9
50
49,7
48,16
47,24
46,1
43,86
43,64
47,37
46,08
41,08
34,94
25,46
21,3
9,94
7,93
0,03
0,02
-5,99
-9,21
-4,64
8,02
11,03
13,28
13,18
13,71
15,42
15,84
16
15,75
15,14
16
15,11
13,37
11,06
10,06
9,3
9,87
4,97
-0,36
-5,57
-7,85
-5,29
-1,75
6,01
19,96
33,59
40,45
41,97
44,91
48,22
46,04
42
41,08
42,04
42,53
51,43
49,96
46,73
41,57
37,09
33,92
28,05
5,96
-0,94
-0,03
0,55
-11,81
8,92
21,68
30,44
36,2
36,3
38,95
39,4
41,69
43,69
44,08
47,1
47,77
56,35
57,42
53,99
42,36
39,9
39,97
36,27
29,45
28,55
28,18
27,33
27,08
28,7
30
31,36
34,19
41,11
44
43,74
44,01
42,9
38,7
37,4
40,52
45,46
49,98
45,9
40,9
33,69
36,26
29,03
21,87
15,98
15,99
14
12,51
13,21
12,17
13,02
20,52
23,22
24,81
28,95
28,96
27,08
23,46
23,7
27,21
30,88
34,34
32,33
31,44
28,94
29,69
27,01
18,91
15,15
15,11
13,42
12,91
17,1
30,03
42,93
44,95
42,57
41,98
41,54
42,9
42,9
40,91
40,97
39,69
40,26
37,99
31,92
28,02
22,35
22,7
4,89
13,09
12,62
9,79
4,99
9,24
14,66
28,17
32,36
32,53
32,38
32,35
34,04
35,99
39,58
40,62
40,98
42,88
44,06
42,91
40,98
40,9
38
32,6
30,61
30
28,3
27,95
26,91
26,63
30,91
34,87
45,09
49,16
48,94
48,04
47,78
47,19
45,24
47,1
47,98
48,9
51,9
52,69
49,1
44
36,99
38,43
37,9
37,33
36,3
34,2
33
33,05
37,09
41,5
53,07
57,02
55,91
55,13
55,91
54,61
54,83
54,74
54,01
54,96
57,04
57,48
54,9
50
43,13
42,4
37,92
33,09
33,45
34
33,08
33,03
35,1
39,93
48,5
48,23
45,99
45,95
46,91
48,49
48,45
45,96
45,92
46,5
50,52
47
44,91
43,01
38,79
35,02
33,24
39,03
30,97
29,87
28,93
28,79
28,98
29,35
31,43
36,43
39,92
39,34
40,96
41,02
38,81
32,16
31,88
34,86
38,9
37,62
32,86
30,59
29,8
29,34
28,8
23,25
22,82
24,01
22,37
22,35
21,66
20,45
22,02
28,09
29,41
29,74
30,13
29,81
29,44
29,94
32,09
34,8
37,99
37,22
34,72
32,65
30,42
32,51
29,53
23,15
24,02
23,1
20,29
22,81
25,17
40,7
49,91
52,73
43,7
32,32
30,3
29,43
29,29
29,42
28,08
24,1
30,01
28,04
18,08
13,59
10,69
10,01
-1,16
-9,61
-6,62
-2,33
-4,92
-0,08
10,59
27,72
38,92
42,13
39,27
40,68
37,99
37,56
36,92
36,06
34,61
36,94
43,21
45,43
43,45
39,9
30,72
30,1
24,62
22,08
14,82
13,49
12,35
10,77
21,09
31,94
40
44,95
42,49
39,88
38,99
34,75
32,54
32,31
33,11
38,04
38,9
38,44
34,26
31,2
22,36
19,24
8,91
12,66
9,29
9,73
9,33
9,73
14,96
30,45
42,93
42,15
42
40,91
39,34
37,27
31,55
31,51
31,54
32,57
39,97
42,04
41,49
38,93
34,3
32,57
30,45
30
29,97
29,49
29,56
30,02
31,76
40,02
48,96
51,94
50,36
49,58
46,88
42,99
41,67
39,49
41,78
44,3
49,57
49,74
44,79
39,79
37,84
37,54
33,41
29,71
27,84
28,37
23,92
23,37
26,01
29,62
30,85
33,07
38
41,66
41,68
41,93
41,45
39
40,01
41,8
44,68
49,38
43,98
39,16
36,37
36,33
32,67
31,88
30,41
29,24
27,71
25,56
27,68
28,47
30,31
32,49
35,3
38,88
40,93
40,93
37,77
33,84
34,62
38,04
42,93
48,08
42,92
37,46
32,53
32,5
30,2
27,06
20
16,22
12,88
15,52
25,01
33,08
42,95
45,06
45,9
44,98
48,39
47
47,39
46,34
43,94
43,65
49,5
51
48,05
42,82
38,99
37,99
35,84
34,2
32,52
31,54
30,38
30,97
32,48
40
48,93
52,74
50,79
48,2
44,91
41,94
41,83
39
37,5
35,63
40,94
40,98
34,59
33,25
29,62
28,03
13,64
13,46
11,21
10,34
9,26
11,23
16,74
28,83
40,92
40
32,66
30,57
29,9
29,82
29,06
25,05
26,11
29
29,7
29,27
28,37
25,06
18,26
16,49
11,83
4,72
5,45
3,87
4,69
4,74
13,99
28,12
40,94
41,27
39,94
39,58
39,8
40,05
41,13
43,98
45,29
45,47
49,37
52,76
49,93
43,71
38,98
38,62
34,9
37,23
35,03
34,1
33,01
32,91
34,9
39,91
51,27
54,72
54,52
54,02
53,18
50,23
49,2
48,96
48,25
48,25
51,15
54,7
52,09
46
40,44
40,43
39
36,81
33,8
32,87
32,53
32,53
31,79
32,51
34,65
43,45
47,19
47,04
43,93
41,92
38,06
32,5
32,1
32,06
37
39,7
34,07
27,89
11,91
10,98
0,1
-0,04
-12,02
-19,43
-12,19
-9,14
0,04
-0,25
2,09
10,34
11,65
14,04
11,69
11,64
6,32
10,32
10,09
10,8
11,8
18,55
14,17
10,47
10,41
10,85
0,5
-0,05
-4,09
-20,25
-20,09
-19,96
-0,9
12,43
29,98
29,32
28,04
28,09
28,07
18,97
22,94
29,62
30,52
30,48
31,98
34,26
29,93
29,77
22,04
14,08
10,47
13,97
13,91
13,01
13,8
15,5
24,02
34
44,59
44,85
41,37
38,93
38,95
37,92
37,02
39,98
41,92
44,95
52,39
57,97
53,78
44,98
38,97
38,53
34,1
29,61
28,98
27,24
17,97
19,53
26,37
31,74
35,53
35,97
31,42
30,71
30,03
29,61
28,05
29,63
29,03
30,16
32,25
34,36
32,52
29,3
28,06
28,32
24,98
23,94
24,22
24,06
20,09
22,23
25,25
32,8
41,05
41,17
40,92
37,19
32,35
31,08
32,22
32,38
40,1
42,04
46,32
44,98
42,92
39,98
36,95
32,2
28,97
30,72
30,09
29,79
29,74
30,1
32,97
37,4
45,79
48,72
47,96
47,94
47,09
44,9
40,95
40,9
41,11
43,29
48,02
47,96
46,43
43,39
40,06
40,08
36,08
35,39
34,04
34,02
34,09
33,73
34,31
33,95
34,35
41,88
45,45
45,84
47,08
46,31
43,72
39,97
39,12
40,96
47,38
50,54
49,98
41,76
38,47
39,09
35,39
32,02
31,3
30,96
30,99
30,83
30,79
30,84
31,23
31,37
32,38
33,1
34,44
33,4
32,08
31,61
32,09
34,25
39,71
42,91
40,01
36,15
35
35,05
32,92
32,14
31,18
30,92
30,93
30,58
33,67
41,41
54,46
58,06
57,12
54,04
51,88
47,46
45,53
46,9
48,77
53,4
56,93
58,99
55,41
47,75
39,97
39
36,02
36,12
35
34,76
35,38
36,25
37,36
43,95
56,77
62,51
61,61
54,94
47,96
44,95
44,61
46,92
49,45
53,75
60,21
65,5
58,08
47,91
40,67
38,14
38,03
34,43
35,09
34,65
34,36
34,48
34,08
41,94
59,06
61,33
58,97
57,88
46,99
44,95
46,22
49
50,99
53,46
60,19
64,14
56,56
48,19
42,96
43,02
40,56
40,11
38,55
38,3
38,02
36,24
39,88
44,51
61,07
66,5
66,98
59,93
59,6
50,03
47,8
49,09
51,98
55,44
63,14
61,55
57,09
47,46
41,98
41,92
39,58
33,71
32,13
31,31
32,16
32,5
32,84
35,06
46,15
49,55
47,34
45,42
39,92
40,07
40,07
42,34
43,94
46,18
49,59
50
45,99
40,02
40,94
41,48
40,44
35,5
34,52
34,28
34,13
34,68
33,74
35,26
40,02
45,9
46,91
46,94
48
45,92
42,47
40,28
40,03
40,2
42,98
45,44
43,4
38,86
33,95
32,58
29,05
17,08
18,04
12,34
4,58
0,52
1
-4,92
-4,93
0,1
0,3
0,03
11,7
13,08
11,58
10,7
10,21
12,19
28,64
31,35
31,03
21,77
17,07
17,08
14,97
11,61
10,75
10
10,33
10,73
12,39
30,54
40,98
41,94
40,01
38,92
33,65
32,63
33,1
38,94
41,42
44,64
46,06
61,44
44,91
41,96
39,43
39,47
31,72
31,55
31,32
31,25
31,56
32,04
33,58
40,06
46,26
49,02
47,56
44,01
38,99
36,3
36,4
39,43
42,94
45,36
49,85
54,38
44,94
39,93
36,97
34,84
31,94
34,34
35,09
34,39
34,91
35,91
34,46
42,82
49,47
58,8
55,04
44,91
41,12
36,79
35,98
36,84
40,99
42,21
44,99
44,53
40,99
37,53
33,76
31,37
29,41
28,26
27,87
18,29
16,09
17,98
25,07
30,62
32,77
34,07
33,51
32,85
32,78
32,74
34,05
39,12
41,33
41,99
47
52
47,4
42,95
40
38,08
32,94
32,93
32,99
32,56
32,29
32,5
33,07
40,94
46,31
47,4
46,95
45,54
40,04
35,8
35,1
35,27
40,02
42,86
46,5
51,68
49,68
45,92
41,87
41,68
39,5
37,43
34,81
35,62
34,2
33,62
33,86
35,44
38,01
42,61
46,82
46,52
47,4
44,98
41,43
36,85
36,53
38,52
44,99
49,77
49,08
45,95
41,1
42,91
38,06
34,91
35,68
33,98
33,89
33,83
33,99
33,51
33,56
34,23
35,42
35,75
35,97
34,71
35
34,38
34,94
36,24
42,36
49,01
45,79
42,88
37,87
36,23
33,77
33,77
33,56
33,78
33,94
35,07
37,65
48,49
57,95
61,28
61,63
59,67
58,11
54,24
53,01
54,55
53,97
50,97
59,92
67,84
62,04
59,9
49,07
45,95
40,9
42,21
39,6
36,95
36,26
36,95
40,69
47,19
60,05
61,92
61,85
59,89
56,1
53,38
51,67
50,7
49,87
50,25
53,51
60,48
59,62
46,93
42,89
40,84
37,41
37,46
37,05
36,78
36,64
37,33
39,06
45,65
59,13
60,69
60,49
55,51
49,71
45,85
45,11
44,4
44,97
47,41
55,43
58,93
55,24
48,13
43,97
39,89
37,28
39,17
38,31
37,95
38,04
39,05
42,02
49,93
59,19
60,97
60,07
53,94
48,87
44,82
44,02
44,11
44,68
49,8
56,34
59,98
55,8
45,83
44,44
42,44
38,2
38,58
37,53
37,24
37,13
37,54
39,85
49,55
61,62
63,03
55,5
54,1
45,24
40,71
37,01
37
38,79
44,33
50,48
53,97
48,93
41,81
38,71
37,8
36,04
37,08
34,96
33,08
31,61
31,22
29,09
32,98
37,05
33,05
31,12
17,55
3,4
-0,64
-15,08
-8,9
3,53
23,28
35,94
43,31
37,05
29,07
23,13
28,03
23,52
31,02
29,14
31,01
31,77
33,6
34,26
32,25
35,07
36,94
35,9
35,04
36,04
31,93
30,08
30,06
30,09
34,72
42,06
45,96
43,59
39,94
38,07
37,84
36,51
31,64
36,04
35,44
34,97
31,84
37,59
47,98
69,33
63
48,44
42,7
38,05
38,07
39,94
41,25
42,23
45
52,95
73,73
71,85
61,92
49,92
44,93
41,98
39,75
38,28
37,66
37,69
38,7
40,81
54
79,06
77,11
51,77
46,97
43,79
42,71
42,01
43,31
46,99
48,17
63,63
75,12
57,06
46,97
41,68
38,03
35,44
32,09
32,08
32,1
36,91
35,51
36,99
47,21
57,18
54
44,95
32,65
31,37
32,84
32,06
32,51
32,01
35,1
42,99
45,97
43,98
38,9
32,07
32,06
31,25
29,09
30,01
28,5
28,99
30,53
30,53
31,8
39,87
39,75
32,58
25,08
23,72
22,82
21,45
15,13
18,78
27,18
34,29
41,49
41,37
35,58
30,64
30,74
30,55
28,98
30,32
30,51
30,54
30
32,54
42,98
45,94
46
42,98
32,71
31
31,07
33,04
35,01
37,88
42,93
51,75
75,95
63,76
47,95
43,76
42,72
39,76
33,09
36,49
34,94
34,23
34,48
34,1
32,5
31,26
41,67
36,98
30,67
30,1
31,34
30,09
31,35
31,73
31,39
42
42
39,05
37,71
34,51
35,88
30,24
30,08
30,07
30,17
30,17
30,28
30,24
30,06
30,06
34,95
35,22
34,39
32,57
30,08
29,26
29,12
30,39
34,06
33,08
35,37
35,74
30,35
30,36
30,07
25,7
24,74
20,92
16,31
16,61
27,08
31,73
45,92
53,94
64,06
62,63
56,02
54,98
49,02
48,11
53,43
55,1
55,49
69,67
83,16
83,61
62,48
54,96
47,04
40,4
38,96
37,96
37,39
36,61
36,91
38,76
46,5
58,26
65,19
65,02
63,28
55,03
52,39
50,07
48,98
48,76
49,42
53,99
60,7
64,63
59,9
46,95
42,9
39,55
39,07
38,58
37,1
36,91
37,54
39,9
46,69
55,85
61,79
60
56,54
56,51
51,51
48,99
47,07
47,9
48,89
53,7
60,95
64,34
50,29
43,66
40,77
36,6
37,37
35,03
35,73
33,29
34
34,63
41,47
46,2
46,96
44,91
35,91
33,67
32,94
33,15
33,5
38,27
40,51
42,99
47,66
45,3
34,9
32,08
31,71
28,51
15,72
14,79
13,7
12,76
24,37
31,02
33,98
41,98
43,93
41,94
40,69
39,81
37,33
39,72
40,38
42,19
44,46
46,54
58,6
53,12
48,88
44,21
41,08
38,66
33,1
31,29
30,85
29,06
30
28,46
29,66
30,74
33,96
36,01
37,52
37,39
36,6
35,64
34,01
34,03
36,4
38,67
42,04
44
39,7
35,44
34,5
35,19
32,26
27,14
25,65
26,2
25,06
24,92
25,81
27,61
29,31
30,15
28,97
27,1
24,15
20,81
21,69
27,56
31,01
31,9
35,7
38,06
34,02
30,62
32,59
31,01
32,1
31,45
30,67
28,92
30,39
34,14
45,65
50,58
50,48
49,99
47,91
46,23
45
42,48
41,65
41,67
42,49
46,96
50,24
49,94
42,47
39,49
37,6
30,77
32,47
29,57
28,14
26,2
27,76
33,27
40,6
46,46
46,37
42,5
40,81
40,83
41,96
40,92
40,91
42,36
41,85
46,04
50,92
51,43
44,99
43,04
40,76
36,36
33,88
33,16
32,98
34,96
34
35,9
48,52
60,6
64,98
61,99
57,98
53,83
49,58
48,45
46,99
47,66
47,77
53,63
62,81
60,94
48,86
39,59
34,16
29,55
25,36
20,41
18,42
14,91
13,25
18,35
32,76
40,49
39,99
30
19,48
15,2
13,65
13,56
18,85
21,25
24
30,62
39,55
38,86
30,36
29,07
25,66
17,02
12,08
12,01
8,06
10,84
13,4
24,49
37,76
45,86
47,98
44,97
44
42
38,1
31,97
27,09
26,67
30,85
37,09
40,23
38,38
36,95
20,74
21,62
10,6
13,26
5,56
0,08
0,02
-5
-11,86
-0,71
10,76
10,01
9,8
10
10,73
8,92
1,42
-0,46
1,78
1,58
6,91
12,97
13,17
1,09
-2,51
2,05
-4,09
-2
-12,12
-9,63
-9,61
-9,25
-9,64
-14,42
-27,18
-19,95
-24,22
-29,99
0
-0,05
-18,22
-9,79
-22,95
4,74
23,11
40,38
41,06
39,78
38,05
38,06
36,88
31,09
31,2
33,35
33,44
31,27
38,18
50,06
59,93
63,28
53,41
48,53
46,84
47,04
47,54
45,95
50,03
50,99
57,18
73
98,19
59,98
48,96
42,05
37,36
38,95
37,53
37,06
36,59
36,59
38,09
42,14
49,95
49,85
42,95
38,02
38,09
38
36,48
37,08
36,74
38,09
47,12
56,92
64,92
54,88
50,25
44,72
39,6
40,77
40,53
40,74
40,08
40,07
41,38
57,15
71
78,33
70,05
57,96
51,15
46,13
42,27
42,11
47,91
49,22
57,95
69,88
78,91
58,46
44,94
39,93
37,06
33,05
33,06
26,09
21,49
22,13
30
35,7
39,2
40,11
37,01
35,92
37,08
38,06
39,97
41,22
42,99
47,98
57,92
70,26
93,43
64,99
58,42
53,33
46,77
41,39
41,12
40,95
40,49
40,55
42,78
55,87
65,62
70,42
65,72
60,4
57,57
52,53
50,35
49,23
49,15
49,48
57,99
60,73
70,72
60,94
51,79
48,56
45,01
38,74
37,09
37,7
37,48
38,14
38,35
38,86
40,18
41,58
41,5
38
37,41
37
37,78
37,47
38,84
40,2
46,37
58,06
59,58
51,99
42,97
40,29
38,05
38,52
38,01
37,85
37,28
37,24
37,08
38,67
39,04
38,06
35,01
31,44
31,29
29,05
29,93
31,81
36
36,86
41,38
45,16
51,3
42
45,09
39,54
40,36
39,53
38,92
38,01
37,25
38,02
52,28
63,03
79,47
76,61
67,98
61,49
55,65
52,52
48,84
45,34
44,03
45,09
51,76
62,49
62,41
62,42
54,91
49,18
42,4
38,8
38
38,01
37,83
38,98
48,47
60,43
67,48
60,69
55,98
52,73
47,53
44,96
42,39
40,85
40,73
41,22
42
47,93
44,24
39,61
36,54
33,95
34,36
34,98
33,72
32,62
33,3
35,05
40,05
43,91
50,63
50,32
45,49
44,68
41,84
45,13
45
44,07
42,35
40,72
40,16
45,99
45,56
39,32
35,23
28,34
26,57
19,31
15,72
17,98
19,33
29,4
38,77
42,36
44,99
45,15
40,05
40
38,14
36,77
37,6
39,63
38,92
42,27
44,99
62,6
62,69
45,5
44,62
40,87
35,69
35,8
31,68
32,11
30,79
33,57
35,36
41,48
43,53
43,17
36,11
32,84
28,44
20,96
22,08
20,93
21,17
22,09
29,06
29,09
28,8
18,28
17,07
15,29
0,05
0,05
8,04
13,41
6,91
14,27
13,75
18,66
30,08
30,06
29,37
31,06
31,92
27,82
22,59
23,02
22,89
27,34
31,02
35,46
37,31
38,67
36,02
36,43
34,95
28,46
24,76
21,81
21,07
21,82
22,97
23,05
22,96
24,37
22,04
23
21,85
22,05
18,3
13,72
14,27
13,46
21,73
31,5
32,88
31,87
33,75
33,48
26,06
24,97
24,08
20,46
19,82
22,94
24,91
28,89
32,23
33,1
30,09
30,92
27,09
24,93
21,75
21,82
22,88
25,1
34,11
37,66
37,56
37
31,09
23,12
20,57
14,53
13,4
12
8,64
18,54
39,66
43,93
44,05
43,25
41,08
41,59
31,88
35,89
34,68
37,9
41,85
44,54
48,06
49,95
47,85
42,87
39,2
30,09
28,63
26,91
22,04
15,25
20,09
28,46
42,75
48,5
55,51
48,76
45
44,9
37,62
34,9
31,94
32,07
31,09
39
42,4
42,79
43,74
42,54
39,62
32,09
32,31
28,79
26,07
21,6
21,06
27,82
38,6
45,22
44,94
41,93
35,4
29,57
26
25,07
25,1
25,07
23,03
29,87
36,91
40,77
40,97
40,04
39,9
35,49
28,67
29,41
30
29,06
29
34,35
43,18
53,79
55,05
43,98
41,94
38,06
32,6
29,9
30
28,63
28,65
31,68
38,76
42,17
42,99
36,39
28,01
18,63
19,05
15,79
13,27
6,61
7,67
13,22
14,33
17,14
18,97
18,11
13,22
0,1
-10,06
-4,97
-2,01
7,57
14,15
22,7
33,79
40,45
40,48
31,91
34,04
29,9
22,09
20,82
19,31
19,39
19,01
19,1
21,49
19,35
20,51
22,39
19,41
18
15,98
13,2
4,49
12,36
16,28
15,92
29,1
39,91
43,07
41,68
41,1
37,6
38,53
33,95
32,28
31,65
31,82
37,24
47,99
56,5
62,13
52,01
47,77
44,78
42,94
42,5
40,57
39,3
41
43,92
47,69
49,92
46,26
40,43
39,34
32,22
34,3
31,81
29
27,32
28,05
32,51
41,37
44,32
42,98
42,39
38,04
36,76
42
41,26
30,89
36,7
34,03
37,73
40,46
39,69
39,11
33,99
30,95
29,15
21,63
20,09
19,96
19,96
21,44
26,39
36,49
42,52
43,37
39,81
38,3
33,69
30,66
26,1
26,06
26,02
26,06
36,13
38,62
40,96
40,96
39,36
34,87
27
24,96
21,76
23,04
20,85
23,02
27,64
40,44
41,57
40,91
32,55
28,96
26
24,91
19,52
18,7
25,03
25,06
32,36
39,66
41,94
40,92
37,2
32,4
26,83
29,04
27,04
25,01
25,09
28,57
35,31
42,32
47,93
46,53
46,79
41,93
40,48
39,66
36,83
38,31
38,02
38,96
39,47
40,03
45,52
46,49
44,74
42,89
37,72
31,2
29,2
29
29,92
29,88
32,03
35,84
38,41
39,74
39,92
35,46
32,74
32,5
29,08
26,49
28,99
30,98
33,41
42,35
46,04
46,91
45,02
42,17
39,99
36
31,59
30,73
29,16
28,78
27,64
29,02
28,97
31,87
30,95
30,17
32
29,05
24,62
19,11
19,84
22,65
32,7
39,1
41,83
42,49
41,73
40,6
38,9
37,34
33,49
32,77
32,99
32,94
37,4
47,2
56,1
64,99
58,97
55,74
52,97
51,81
49,99
46,3
45,79
44,51
45,74
48,49
52,84
55
49,19
44,46
42
36,96
36,71
36,5
35,5
35,91
35,24
47,74
54,88
56
51,93
47,05
42,71
38,51
37,33
37,6
37,23
38,5
43,65
50,37
55,06
56,17
52,78
47,06
39,83
33,38
33,18
32,54
33
33,3
35,65
44,83
53,49
55,43
47
44,03
42,28
36,17
37,11
35,42
36,9
35
39,04
46,28
50,88
50,91
48,97
43,3
37,4
35,8
33,03
31,37
29,08
30,71
33,76
43,27
49,96
49,96
46,19
43
41,73
36,52
34,05
35,35
34,12
37,99
42,64
47,81
50,01
50,31
46,96
39,6
33,04
32,18
32,2
31,23
30,06
30,51
32,97
42,28
47,95
48,93
45,92
43,02
41
37,71
32,88
33,47
34,69
33,51
36,98
42,34
47,43
48,71
45,94
40,94
34,31
34,36
30,07
27,59
27,08
27,6
29,51
32,06
34,1
34,94
31,08
26,57
21
21,01
20,13
18,96
20,02
25,94
26,14
38,26
41,24
41,25
40,08
36,07
35
29,02
19,37
18,67
16,65
14,98
12,94
14,93
18,46
18,53
15,96
15,68
13,99
13,83
4
2,42
3,03
6,05
18,5
28,36
35
36,96
32,35
32,34
24,1
18,49
16,08
13,85
12,25
14,07
22,2
39,16
47,42
46,05
40,47
38,99
37,99
32,31
28,49
26,46
28,6
30,05
32,4
39,72
44,1
45,6
45,25
43,47
38,04
30,9
30
28,45
24,12
23,4
30,1
36,37
40,28
41,92
37,55
28,03
25,53
28,43
28,7
25,01
28,51
29,9
36,37
41,53
46,39
50,03
47,09
44,9
40,18
28,68
24,09
18,8
22,87
18,16
21,19
31,38
35,9
32,45
28,15
18,84
20,1
21,14
21,27
22,07
21,28
22,56
24,59
34,99
38,75
40,18
39,15
36,38
32,1
25,03
23,08
21,59
19,04
21,08
22,06
35,7
44,5
44,93
38,97
33,97
31,15
23,71
23,07
21,14
21,11
21,05
28,43
35,98
41,57
42
40,98
37,66
33,1
34,96
33,01
32,43
30,74
30
35,55
44,48
49,12
54,08
45,63
40,28
40,17
37,66
35,05
33,08
33,06
33,57
40,97
44,56
50,03
52,99
45,86
40,56
33,47
28,48
21,1
25,26
24,73
22,78
23,89
28,59
28,01
30,75
29,4
21,01
23,27
26,4
20,4
23,33
23,88
22,07
32,91
36,08
42,17
45,95
42,27
39,51
35,96
35,98
30,78
27,83
26,65
25,1
22,51
23,06
23,42
26,42
27,23
22,3
20,05
15,56
12,84
12,08
12,95
15,97
18,57
21,45
21,25
20,72
19,93
18,6
12,05
15,02
4,91
4,76
1,77
2,65
3,78
5,01
18,24
20,34
14,97
4,9
6,52
0,88
3,6
2,32
5,83
8,07
17,14
28,09
33,81
34,43
32,64
24,99
16,13
-0,02
-5,34
-5,2
-14,88
-19,41
-13,71
-4,98
-3,39
-16,67
-12,49
-6,62
-0,92
-16,7
-35,86
-58,96
-48,6
-22,01
-4,38
10,85
22,64
28,85
30,98
32,02
27,93
32,03
28,07
28,18
27,68
28,48
29,55
44,68
45,89
49,78
50,73
44,98
40,9
38,1
37,62
36,88
37,37
38,93
44,53
47
48,18
49,59
47,06
45,25
37,35
34,23
32,12
31,16
30,53
32,22
34,25
44,9
49,91
50,01
48,54
44,28
39,93
37,95
37,37
37,09
36,46
36,49
38,9
44,17
46,99
48,15
48,95
40,08
35
34,24
33,32
33,88
33,72
33,88
36,76
46,48
53,37
57,52
49,69
45,56
42,56
39,3
36,72
36,49
34,94
36,77
39,2
45,24
44,86
43,59
41,23
38,92
33,96
33,59
30,6
28,03
25,98
25,52
27,02
29,09
33,55
37,44
35,07
28
22,68
21,62
19,34
17,87
17,75
22,53
23,31
34,94
37,32
37,43
35,11
32,97
25,03
20,84
21,64
22,96
21,51
21,57
17,94
16
17,32
21,1
21,06
16,87
17,95
14,14
-3,19
-6,69
5
13,4
22,99
29,38
34,29
36,79
33,94
30,46
25,02
15,64
16,15
16,04
16,87
17,75
26,7
41,51
48,07
46,81
43,65
38,36
33,78
33,22
33,27
32,46
33,66
34,8
40,32
48,37
58,18
48,81
39,97
33,86
27,27
22,01
20,09
16,95
17,73
18,01
26,3
32,98
37,03
37,95
34,36
31,04
25,14
20,73
21,05
20,83
20,71
21,08
27,13
36,91
39,94
39,93
35,96
28,93
26,49
19,38
22,04
21,89
22,09
24,27
29,02
38,02
46,79
54,38
45
40,31
39,2
35,55
34,09
33,14
34,1
36,97
40,38
45,76
52,87
52,59
41,09
37,3
32,74
25,91
26,78
23,02
24,04
25,26
25,94
22,67
25,24
26,4
26,93
25,71
26,19
23,05
20,88
16,92
16,98
19,24
22
27,54
30,05
31,87
32,9
32,03
27,85
34,97
28,69
26,95
24,95
27,08
32,92
41,9
47,44
48,27
43,85
41,79
42
41,77
38,93
37,44
38,18
41,3
49
52,11
57,66
58,12
55,38
56,17
45,99
39,96
35,01
30,26
30,05
29,94
29,94
32,05
36,14
39,95
37,93
33,46
32,41
30,31
30,01
28,43
28,07
27,69
30,05
36,96
37,94
36,97
34,65
32,33
19,5
26,68
20,89
17,06
14,92
14,88
13,77
14,03
15,37
17,74
19,42
17,22
15,68
10
12,01
0,56
8,71
0,09
17,33
23,49
26,97
25,13
24,07
24,05
19,42
19,78
16,28
14,13
14,87
15,62
26
43,3
54,06
58,01
55,83
50,79
42,36
34,49
27,93
26,81
26,51
27,09
36,74
41,01
43,1
43,28
43,2
39,29
32,25
32,52
30,24
28,85
28,02
30,01
32,58
41,01
54,6
58,6
54,55
51,2
48,9
41,67
41,38
41,07
40,5
39,91
41,07
47,9
50
49,96
47,08
46,33
40,27
40,36
37,53
33,98
32,6
33,3
37,06
45,95
55,4
60,21
54,1
50,9
48,36
43,43
40,5
38,17
35,97
35,77
37,14
40,36
42,03
42
42,28
37,99
33,08
29,72
27,03
22,43
20,06
23,09
27,23
36,19
42,8
45,12
43,25
42,13
40,93
36,3
35,73
32,02
31,8
29,87
33,54
40,8
43,92
43,95
43,93
41,44
35,99
31,79
27,77
27,39
26,59
28,99
32,22
41,84
50,72
48,82
42,97
41,8
39,4
38,05
36,53
34,58
34,1
36,44
41,58
46,47
48,95
47,76
47,32
44,96
41,55
41,91
35,18
34,14
34,64
34,55
34,91
39,88
47,01
47,03
42,97
33,86
32,53
27,72
28,01
27,03
27,06
29,73
35,89
42,96
43,59
42,66
41,03
37,58
30,7
29,94
24,84
22,7
19,71
18,01
17,06
17,42
22,04
22,99
21,46
18,51
16,19
16,58
9,31
0
-4,9
1
9,2
16,47
23,02
23,06
22,37
18,04
15,27
3,91
-0,09
-9,21
-0,34
-2,71
-1,96
13,53
20,17
20,04
14,16
1,34
-0,09
-3,98
-44,41
-42,11
-15,87
0
12,34
21,01
29,97
32,25
30,67
32,22
25,06
24,59
22,91
23,4
24,07
27,71
32,1
47,06
54,8
59,37
49,57
44,97
43,05
41,05
41,09
42,4
47,4
49,88
56,22
57,05
59,66
50,7
47,36
41,94
37,84
37,91
37
36,04
34,53
35,24
37,83
46,37
56,35
65,99
51,21
47,14
43,05
40,91
41,34
37,93
36,99
36,38
40,44
43,93
46,85
45,21
41,92
40,06
35,37
35,64
33,93
32,22
31,03
31,56
32,08
40,83
46,51
50
47,7
43,98
42,97
38,92
35,95
34,47
34,9
34,91
40,09
42,69
43,98
43,74
41,97
39,86
34,89
35,97
34,17
33,4
31,63
33,01
35,89
43,4
47,37
48,01
44,99
43,43
42,94
40,35
33,92
34,43
36,33
40,09
41,87
44,06
47,02
46,02
45,18
44,63
40,59
41,46
38,66
36
34,97
34,27
33,81
37,33
39,62
42,62
40,47
34,58
33,02
30,87
29,03
29,94
29,06
30,41
35,08
44,06
43,94
44,55
43,02
43,92
39,12
38,82
34,15
31,66
31,06
31,96
27,54
25,65
26,45
27,09
29,01
26,22
26,37
28,7
26,24
23,79
26,21
27,56
32
44,97
46,22
46,8
46,93
46,14
37,69
32,06
29,36
27,6
27,56
28,51
32,86
47,63
50,5
51,27
50,91
49,93
48,3
45,95
47,01
47,35
48,81
49,95
52,01
51,46
53,34
49,98
47,07
44,22
37,51
35,29
33,9
34,99
34,37
33,06
37,09
42,46
52,69
58,15
51,83
49,05
45,72
38,95
37,54
38,14
40,49
41,3
44,66
49,07
50,01
50,35
47,92
44,65
38,17
37,88
36,22
35
33,4
33,97
37,81
43,96
53
56,89
53,15
49,91
47,97
43,94
43,93
44,74
44,98
46,68
49,93
55,83
59,25
58,91
55,32
51,25
46,3
42,88
38,71
38,65
38,15
37,91
38,37
41,12
49,98
49,27
44,18
37,8
36,91
33,67
35,88
38,05
39,14
38,06
44,15
48,49
50,82
49,94
48,99
49,77
43,05
42,34
38,89
38,82
38,45
38,62
40,19
49
63,57
63,07
63,03
58,83
60,3
56,02
49,97
48,07
49,08
49,89
56,91
56,29
55,27
54,49
56,06
55,14
48,85
38,43
37,09
37,67
37,17
36,01
33,29
34,96
38
43,81
45,71
43,38
39,59
37,04
34,9
33,08
34,04
34,37
38,3
45,91
51,05
51,04
50,91
47
42,64
39,36
35,5
33,98
33,09
30,97
28,89
29,01
29,9
27,61
26,37
25,06
24,83
23,1
23,2
20,62
21,35
24,35
32,5
39,77
44,5
47,32
48,98
48,91
40,57
35,57
33,1
32,4
31,44
30,85
35,66
45,81
60,45
63,47
58,13
51,98
50,08
47,93
45,94
45,19
46,16
45,88
47,46
52,95
59,4
55,98
52,93
50,93
44,49
43,8
41,01
39,44
39,35
39,05
41,63
50,26
63,14
64,74
63,02
56,9
55,09
49,91
47,93
46,44
47,82
47,93
53,63
59,46
65,6
60,04
52,89
50,23
44,93
44,99
41,16
40,05
39,21
38,25
40,03
46,84
59,07
65
57,93
50,97
49,99
47,83
47,14
47,16
47,51
49,94
52,19
61,25
63,31
59,45
50,93
47,43
44,96
39,71
39,24
39,21
37,64
38,25
39,99
46,98
57
60,95
57,97
51,86
48,91
47,7
46,64
47,03
48,63
54,23
57,94
59,01
62,64
58,35
52,97
50,97
46,82
43,02
43,24
42,53
42,09
42,53
41,97
48,93
57,09
63,52
56,91
54,13
53,05
48,35
45,96
45,15
47,1
48,33
50,47
54,66
54,98
53,09
49,67
50,37
48,45
45,07
41,79
39,73
38,56
37,97
38,3
38,9
43,88
46,54
46,55
42,57
39,78
39,55
38,78
38,15
38,83
39
39,98
47,99
48,96
48,91
48,03
48
43,47
43,48
39,96
38,34
37,38
37,01
35,15
35,76
38,34
38
37,97
35,09
35,65
33,34
32,6
30,45
31,56
33,07
37,98
46,36
49,93
49,97
49,9
49,94
46,65
39,55
38,37
37,43
37,56
37,38
38,56
49,4
56,87
63,24
56,77
55,01
51,4
49,94
47,73
47,58
47,79
49,66
50,93
53,48
54,94
54,7
50,87
49,47
46,17
40,93
39,48
38,54
37,28
37,34
38,02
44,02
55,02
59,46
59,27
56,96
59,17
58,15
56,52
53,9
51,5
50,98
51,62
52,93
54,08
52,78
48,94
50,29
46,27
39,5
38,4
37,98
37,17
37,13
38,72
44,44
54,05
55,77
54,68
54,94
55
53,03
51,1
49,52
48,91
47,17
49,03
51,96
53,06
52,91
52,97
51,24
46,91
46,69
40
39,37
37,14
36,04
37,66
40,26
51,23
55,38
49,76
45,65
43,76
38,59
37,63
37,16
37,63
38,4
43,95
50,67
53,26
50,97
48,95
47,51
39,91
39,1
38,75
37,8
36,23
37,06
39,58
50,36
59,92
61,9
60,08
56,24
55,37
53,46
49,24
47,76
47,91
48,06
49,94
53,97
56,35
56,1
53,93
50,92
46,68
43,92
40,57
38,03
37,15
36,09
36,48
37,92
39,76
42,91
43
41,39
39,92
37,16
35,6
32,64
34,59
35,06
38,82
44,91
46,8
46,08
45,66
46,31
44,24
41,57
37,85
30,29
20,73
19,82
17,65
15,87
18,7
20,01
18,06
16,49
18,6
14,72
4,99
0,05
1,16
9,71
16,78
32,98
43,95
45,62
45,85
47,11
45,5
37,91
37,01
35,4
32,49
32,88
34,99
46,98
54,05
52,06
46,98
45,93
45,59
43,9
43,5
43,77
44,98
44,07
45,54
49,98
51,09
50,81
50
49,93
44,96
39,26
36,75
34,03
26,82
27,64
34,35
41,74
50
52,84
49,44
46,97
46,99
46,97
47,09
46,91
50,02
52,73
54,34
55,04
59,01
57,79
54,9
55,83
48,96
45,91
41,09
40,34
38,96
38,11
39,96
47,38
57,07
53,43
50,75
46,91
46,07
44,07
42,92
42,93
42,15
41,95
44,18
52,76
59,06
52,99
53,37
54,08
46,64
38,79
38
35,04
37,09
35,88
35
43,89
56,28
57,47
42,94
36,73
25
15,95
18,39
14,66
14,35
14,56
19,54
19,82
23,7
26,5
27,02
27,06
22,02
15,86
15,21
13,09
4,56
4,45
15,59
27,13
29,66
28,02
25,04
28,09
27,54
23,37
20,32
19,08
16,21
18,16
17,86
20,14
28,99
28,08
25,09
25,67
20,2
24,04
18,87
18,44
15,83
15,08
13,33
17,04
18,12
22,9
23,46
22,69
23,32
23,08
19,31
18,77
18,75
20,07
24,14
32,79
35,65
37,59
37,05
39,84
33,13
39,66
32,99
32,29
31,02
30,24
26,32
25,1
23,48
24,59
27,74
25,03
30,08
28,65
27,05
24,09
23,92
25,08
28,01
38,06
43,74
43,83
46,64
46,01
42,8
39,12
33,1
31,57
32,06
32,06
34,26
48,38
54,95
56,21
52
51,75
52,11
49,91
47,93
46,72
45,05
42,7
45,94
47,75
49,95
50,6
48,87
47,85
43,99
43,02
40,79
39,54
39,98
40,16
41,96
48,94
55,59
58,95
57,47
55,62
56,27
51,97
50,27
48,75
48,93
47,83
49,99
52,09
54,88
53,4
50,94
50,63
44,42
43,17
41,94
41,62
41,1
39,91
43,48
50,78
56,78
60,99
55,07
50,98
50,03
46,97
42,67
40,99
41,14
40,95
48,42
51,96
55,01
52,6
50,02
48,93
44,2
39,09
38,52
37,45
35,45
36,03
37,23
47,13
52,32
58,5
51,08
49,04
48,56
44,92
43,34
40,99
44,58
45,08
47,95
48,94
49,98
48,92
44,94
45,94
41,46
39
37,89
36,02
33,98
33,96
38,47
44,83
52,39
55,87
52,06
50,1
49,09
47,31
40,59
38,72
38,59
37,59
43,79
47,23
50,97
50,95
49,86
49,99
44,35
43,42
42,02
40,1
39,25
37,76
38,23
41,16
46,03
48,36
46,95
40,04
36,02
32,47
30,42
26,47
30,41
33,91
40,89
46,31
48,13
48,16
47,51
47,8
43,96
33,3
26,42
26,11
22,12
23,42
21,44
23,43
29,37
29,98
26,08
20,71
20,75
21,02
16,66
14,01
16,28
19,04
28,37
42,19
48,37
49,67
46,28
48,04
41
36,81
38,06
38,06
38,03
38,08
39,07
49,49
55,95
54,92
52,14
49,48
48,03
46,86
43,56
44,46
46,69
49,49
52,13
55,38
60,18
59,02
54,96
54,5
48,29
42,23
41,44
41,71
42,38
43,02
44,2
50,24
58
61,89
55,95
52,9
47,76
42,72
41,73
41,43
42,72
44,81
52,99
55,94
61,67
63,03
60,01
54,9
50,55
48
46,23
45,8
44,99
45,44
46,26
52,55
59,98
62,64
58,06
56,53
55,91
51,92
50,99
49,58
50,95
53,53
54,95
57,97
60,38
59,93
58,01
55,49
50,93
49,13
45,48
44,31
42,99
43,11
44,65
51,89
57,71
61,21
60,94
56,62
55,43
52,1
50,7
49,76
51,07
52,02
52,97
54,83
55,41
55,1
53,79
52,05
50,21
48,39
42,98
42,06
41,83
42
41,92
49,69
55,01
56,6
55,96
55,94
54,88
51,35
50,18
41,51
39,5
39,42
42,67
47,98
50,42
50,17
50,57
49,99
46,5
47,71
41,9
39,08
39,08
38,05
36,72
39,08
41,4
43,49
39,82
26,58
22,26
20,72
15,76
2,34
11,93
19,86
21,48
32,07
39,03
42,19
46,95
42,93
39,05
40,25
34,58
32,19
30,64
28,41
29,93
30,69
32,69
33,71
32,36
28,16
28,41
27,51
21,74
19,75
20,95
25,98
29,55
43,71
50,17
50,1
50
50,83
49,94
42,88
40,8
40,09
39,73
39,87
42,6
50,14
53,52
54,71
52,52
50,11
46,92
40,34
39,54
40,32
41,8
40,36
49,6
52,61
53,06
52,99
51,94
52,59
49,37
43,98
43,3
44,78
43,28
41,7
44,54
50,61
56,82
58,34
58,9
58,41
58,26
57,32
57,02
55,97
55,15
54,37
56
57,05
57,5
56,08
54,75
55,99
50,69
45,5
44,4
43,36
43
43,39
43,8
51,44
56,99
57,51
57,75
56,94
56,69
55,99
54,99
53,67
52,38
52,66
55,23
56,91
57,77
56,85
55,54
55,65
51,58
48,77
46,1
47,51
45,02
44,43
44,49
51,05
57,94
58,9
56,97
58,31
58,3
56,51
54,92
53,93
53,35
53,46
55,44
56,32
58,64
57,07
55,92
54,85
51,16
49,32
43,91
43,14
43,21
43,5
44,17
51,79
57,69
57,98
56,53
55
52,91
51,42
45,29
44,2
45,43
49,48
52,63
55,85
57,96
56,37
55,1
55,36
51,79
52,05
50
48,19
45,3
43,42
42,49
43,06
48,18
51,25
51,22
48,99
45,15
46,29
41,25
41,62
42,29
41,6
48,72
53,02
54,76
55,82
54,22
55,01
52,4
49,82
47,64
45,01
42,41
42,29
42,4
41,49
42,24
42,25
43,36
42,14
43,09
41,29
42,09
40,7
41,11
42,3
42,03
51,72
54,25
55,78
55,9
56,39
53,26
50,58
43,85
42,03
41,79
41,71
44,33
53,05
58,09
59,4
58,87
57,43
57,74
56,11
54,94
55,46
55,41
55,91
57,36
59,34
62,82
59,22
56,92
57,08
51,84
46,52
44,44
42,54
42,35
42,6
43,8
52,2
57,96
59,44
57,97
56,05
56
53,79
51,99
52,34
52,48
52,42
53,76
56,18
58,56
56,94
55,21
54,44
51,32
44,04
42,23
41,91
41
40,89
41,28
48,93
53,68
55,93
54,12
53,68
53,69
52,31
48,88
44,43
46,26
47,91
53,68
55,26
57,97
56,87
55,14
54,03
49,88
43,08
42,6
41,7
41,7
41,39
43,05
51,05
56,32
57,98
55,95
54,08
53,03
52,6
51,29
51,74
52,51
52,73
55,26
57,99
59,38
58,47
57,53
56,15
51,9
48,82
45,6
44,49
44,05
44,93
45,04
52,47
57,61
57,93
57,98
57,06
56,69
55,1
54,07
54,03
55,06
56,07
57,91
58,5
58,95
57,98
56,1
56,02
52,57
50,33
44,87
44,73
45,52
44,67
44,4
44,06
46,69
52,52
55,04
55,09
55,18
54,72
50,46
45
45,1
47,09
53,12
55,02
55,22
54,96
54,68
54,49
51,18
47,07
45,3
44,25
43,87
42,85
42,2
42,07
42,4
43,61
44,74
44,5
44,78
43,06
41,98
41,25
41,4
42,87
45,34
47,96
55,14
56,95
56,85
56,78
52,85
51,81
48,59
45,8
44,5
44,68
47,45
53,06
58,95
59,94
59,05
57,99
57,98
57,27
56,86
55,26
55,2
55,82
57,91
59,91
61,45
60,1
59,02
57,98
53,95
50,88
47,47
46,55
45,09
45,57
47,42
53,97
60,63
62,9
61,32
59,57
58,46
57,41
55,36
55,92
57,67
58,19
61,86
64,17
65,51
64,22
63,89
60,44
54,91
53,64
50,66
49,08
48,7
48,82
49,79
55,71
62,96
65
65,07
62,93
61,43
58,66
56,27
56,42
57,95
58,47
61,4
65,8
66,9
65,45
64,37
62,02
54,43
50,02
48,4
47,5
46,75
46,35
47,34
52,28
60,77
64,08
62,96
60
59,67
52,43
53,94
54,71
56,63
55,45
57,59
61
61,95
60,61
59,8
54,32
47,16
47,5
46,51
45
45
44,72
47,02
52,51
60,91
62,01
61,09
58,91
58,47
55,04
52,02
46,76
50,56
54,07
58,02
60,09
61,21
59,9
55,83
53,03
50,85
46,09
44,24
42,26
42,06
42,24
42,51
44,48
47,08
50,83
50,97
45,8
45,04
43,37
42,4
42,09
41,81
42,4
45,11
50
52,88
52,84
53,09
53,45
50,59
47,4
42,78
41,63
42,21
42,5
42,5
42,09
40,49
40,55
40,59
41,57
40,57
40,61
40,98
36,76
37,4
41,53
42,01
50,73
55,76
57,43
57,94
57,22
53,65
49,87
46,58
45,04
44,26
44,81
45,04
52,56
59,21
60,99
61,08
57,36
57,06
55,91
54,47
53,55
54,54
55,94
61,45
62,8
64,63
63,46
62,06
60,37
51,46
47,02
45,98
45,25
44,34
44,03
46,07
51,91
62,48
65,77
65,9
62,03
60,73
56,65
54,46
52,87
53,1
54,02
61,01
65,06
65,96
65,32
65,32
63,68
52,93
47,13
47
44,89
44,12
44,21
45,96
49,4
58,83
60,52
62
60,43
59,1
58,22
57,8
57,99
58
58,24
63,03
65
65,87
64
63,59
62,54
53,77
47,77
46,13
46,78
45,21
45,3
46,81
53,06
62,21
64,66
65,7
65,7
64,99
64,15
62,85
61,08
61,94
63,07
66,42
67,98
69,41
67,72
67,1
65,44
56,01
52,37
51,14
49,09
48,35
48,47
49,98
58,7
68,6
69,98
70,26
70,46
70
65,93
62,92
60,38
61,09
65,92
69,72
70,51
75,49
70,35
70,01
66,98
58,61
55,84
51,51
49,94
49,5
48,75
48,73
49,96
51,63
54,89
56,46
53,79
51,68
51,11
49,33
45,65
45,05
45,1
49,7
52,76
56,26
54,47
53,09
52,09
49,53
52,01
50,03
49,41
47,86
46,07
45,07
45,68
47,44
49,44
49,78
46,09
45,6
45,04
43,54
35,85
43,52
44,41
49
52,54
62,03
64,95
65,69
67,59
63
50,05
47,99
47,02
46,02
45,08
47,1
54,38
64,94
68,01
68,34
65,94
64,45
62,36
59,72
60,42
63,06
66,99
71,71
76,42
85,96
79,19
74,82
71,61
63,05
58,11
52,42
51,01
49,75
49,53
51,51
57,99
68,85
71,73
70,68
69
67,94
66,92
65,75
66,11
66,99
69,12
72,59
77,87
79,96
78,28
70,2
66,91
53,04
47,77
46,41
45,49
43,9
43,9
46,66
51,15
58,71
65,06
65,04
59,12
55,79
50,54
46,9
49,44
50,97
54,56
62,96
65,7
67,85
67,68
68
68,01
64,97
50,57
47,47
46,14
45,07
45,08
47,76
55,5
64,11
65,08
64,88
64,67
64,59
62,77
60
57,56
56,03
54,39
56,54
58,76
56,9
52,36
50
49,54
45,78
32,68
24,4
18,68
18,43
18,49
29,4
43,81
49,69
52,02
52,77
51,08
50,6
48,66
45,55
44,05
44,7
48,04
52,96
59,36
61,95
61,5
58,99
57
53,79
49,43
45,8
44,02
41,39
40,64
41,01
41,52
44,22
47,97
47,63
45,02
42,04
37,44
27,62
23,44
28,19
33,89
41,09
49,6
57,98
58,92
60,53
60,68
58,39
48,22
45
42,8
42,05
40,99
40,93
41,47
40,97
41,1
39,9
35,07
34,65
33,11
27,62
21,96
24,83
27,33
42,56
51,19
57,55
61,35
63,02
62,1
57,73
50,6
47,08
44,97
44,18
44,06
47,26
53,69
60,79
61,93
62,23
61,38
62
61,91
59,81
58,05
56,16
58,13
60,14
59,91
62,09
59,9
59,99
56,7
50,83
49,41
47,88
46,88
45,7
45,77
48,22
53,47
61,71
64,07
64,39
64,03
63,53
59,9
51,83
48
45,6
45,81
50,92
59,89
63,53
63,44
63,49
62,15
51,77
48,73
48,05
47,85
46,01
44,43
46,05
49,32
53,14
58,25
57,85
53,69
54,4
52,23
49,01
48,25
47,96
48,66
53
62,21
64,28
65
64,83
63,83
55,75
49,88
47,97
47,39
46,82
46,51
48,5
55
62,11
63,63
61,29
55,01
53,03
51,02
50,72
50,46
50,8
51,88
62,44
65,7
67,01
67,06
66,2
64,39
60,03
50,66
49,39
47,44
46,5
47,02
48,08
56,64
62,88
64,44
64,39
63,05
62,82
61,96
59,27
55,24
54,32
57,21
63
64,46
64,6
64,57
64,48
63,9
54,58
57,28
55,41
49,31
47,55
47,3
47,05
47,89
49,5
53,89
56,41
53,6
53,51
47,42
46,06
45,57
46,03
48
55,13
62,14
64,45
64,9
65,04
64,98
62,14
55,56
48,8
46,08
46
46,05
46,1
45,3
45
46,06
47,02
46,02
45,22
43,63
42,77
40,04
41,55
44,02
47,09
56,31
62,26
63,41
64,23
63,63
62,26
46,1
46,55
44,15
43,8
43,6
47,09
55,57
63,43
64,46
64,43
61,42
60,32
59,91
56,34
52,86
54,09
54,43
62,38
66,78
67,03
67,01
66,15
63,48
61,97
58,09
52,41
51,79
50,27
51,16
54,69
65
72,61
75,1
75,1
71,96
71,01
68,91
67,7
67,92
67,65
69
73,53
74,9
76,52
75,54
73,07
68,93
61,85
52,42
54
51,14
49,67
50,53
55,08
66,06
70
72,2
72,14
68,99
67,89
60,93
57,39
57,1
62,28
68,48
74,95
77,15
83,93
80,52
75,8
73,62
67,27
56,97
58,01
53,44
52,23
52,75
55,51
66,67
69,91
73,77
71,92
69,92
64,98
58,61
53,4
54,01
60,93
66,68
69,91
72,86
73,97
74,19
72,82
69,73
59,63
50,42
51,45
51,37
49,95
49,62
51,1
61,11
66,9
68,76
68,84
68,32
59
51,43
49,29
48,84
48,07
48,05
50,98
62,32
68,47
68
67,14
64,27
58,73
57,44
55,97
53,57
51,26
50,86
51,03
51,16
53,57
58,05
61,26
55,49
50,52
48,72
41,37
40,29
40,81
46,27
50,04
60,62
66,01
67,34
65
60,98
49,88
48,49
46
42,09
46,12
44,93
45,92
46,51
47,68
49,05
47,35
40,48
37,8
40,43
31,53
32,09
43,01
46
49,07
59,97
68,1
70
68,01
63,26
50,15
29,08
27,12
27,59
21,42
19,98
24,53
43,23
51,82
52,83
51,09
50,52
50,09
49,02
46,7
46,97
48,1
49,05
53,46
57,58
63,71
65,23
60,89
54,64
49
54,05
53,31
55,04
54,2
53,97
54,87
64,69
70
72,18
72,24
70,53
69,95
63,21
67
62,93
67,14
68,74
71,95
74,97
79,52
82,51
73,82
69,92
58,82
56,16
54,87
53,54
51,15
51,25
54,1
66,68
71,95
73,66
72,13
68,17
62,56
53,2
52,01
54,95
68,29
70,07
73,28
75,02
74,9
74,1
70,74
55,04
51,14
51,14
49,09
48,48
48,03
48,4
51,09
57
66,14
69,4
68,31
64,6
56,99
52,03
51,64
51,13
51,05
51,03
56,72
67,1
70,92
71,91
65,27
57,54
52,63
52,57
52,8
52,66
53,04
52,09
53,58
63,98
70,8
73,32
71,98
71,19
71,06
69,09
67,25
66,77
65,6
66,7
70,07
70,2
71,36
71,97
70,38
62,21
56,88
57,58
55,99
55,56
54,02
52,69
52,78
54,94
57,95
60,91
66,5
64,68
64,86
62,71
57,72
56,42
55,57
56,05
61,52
68,49
70
71,14
68,58
56,58
51,07
50,2
48,28
48,16
46,98
46,37
46,91
46,9
47,01
49,66
54,67
54,45
55,65
53,82
53,52
50,5
50
46,96
53,28
62,1
67,72
69,39
62,36
54,74
51,01
49,49
48,97
47,42
47,5
47,07
50,4
67,04
72
73,55
73,91
73,51
73,6
71,12
68,63
67,05
64,97
66,96
70,81
72,3
72,99
72,91
67,04
53,61
52,26
54,77
54,09
52,18
51,24
51,69
54,6
67,09
73,02
74,68
74,91
73,92
73,46
71,06
69,02
68,81
68,55
70,01
72,94
73,99
75
75
73,06
66,93
57,99
55,72
54,47
53,56
52,66
53,18
55,32
71,54
75,65
76,76
75,35
71,96
70,97
64,97
57,56
60,37
67
69,95
75,36
76,76
79,62
79,33
73,66
68,82
58,84
55,11
53,63
52,38
52,31
52,38
54,64
68,98
73,78
74,95
73,78
70,07
68,91
66,88
64,76
68,4
69,51
71,09
73,73
73,89
74,03
74,3
66,94
58,93
54,65
56,38
54,74
53,55
53,37
53,66
55,88
66,98
74,14
79,99
74,2
72,68
71,3
65,63
58,92
55,59
55,15
54,68
60,52
67,22
71,14
72,01
59,56
57,8
53,34
52,67
50,04
48,57
46,88
46,89
47,01
50,45
53,47
55,83
51,9
43,1
32,4
32,18
27,02
26,56
39,35
46,27
55,68
69,6
72,3
72,1
68,68
59,94
53,65
54,88
49,04
41,93
36,92
33,59
34,02
41,42
45,06
47,48
48,07
43,29
43,6
43,4
37,89
31,2
42
46,01
55,75
68,14
71,9
74,11
69,68
67,38
53,11
53,47
50,9
49,52
48,06
47,51
51,85
70,24
74,3
75,19
71,95
70,3
67,34
57,43
56,82
58,14
63,02
67,92
72,98
75,4
77,36
79,93
74,94
69,93
58,94
59,04
51,91
48,59
46,9
48
48,74
64,81
72,5
73,77
71,94
57,35
49,41
49,08
47,06
46,53
48,03
45,96
51,94
68,74
72,99
73,39
69,92
66,6
53,9
56,96
51,61
51,11
49,52
50,05
56,1
72,16
76,04
76,04
73,36
59,08
55,96
53,04
53,09
53,97
58,16
68,79
71,99
74,98
78,78
80,08
73,42
70,91
65,61
59,48
59,4
56,71
53,45
54,48
58,77
74,48
81,34
83,91
79,94
78,89
77,75
76,66
75,32
74,93
74,08
72,93
75,7
77,73
79,2
82,43
74,98
71,63
62,36
57,63
55,38
54,08
52,06
52,07
56,1
70,91
75,95
78,45
78,46
77,45
75,96
72,08
65,18
59,03
57,78
58
62,27
72,91
74,91
74,74
62,74
56,21
55,82
51,25
48,6
46,04
44,26
43,86
44,04
46,62
49,06
50,38
52,02
48,08
46,01
46,67
44,77
43,02
45,79
43,48
50,1
59,82
71,14
74,64
67,11
64,62
61,55
58,9
50,02
46,13
42,54
40,91
38,14
40,02
41,22
44,41
45,75
45,21
43,22
42,34
32,08
26,11
30,47
42,34
49,09
62,25
70,78
74,45
60,72
59,96
49,02
45,29
44,14
43,33
41,74
42,91
49,05
69,9
75,47
75,91
75,91
71,94
61,8
54,66
51,78
54,05
57,05
68
75
78,49
91,31
81,82
73,72
64,5
50,03
50
47,93
44,46
42,86
43,88
46,03
60,74
74,5
74,98
71,99
64,29
53,49
49,02
47,98
48,1
49,01
48,48
67,04
74,94
77,65
75,91
71,98
55,75
50,04
49,44
48,13
46,65
43,09
44,26
48,4
63,15
75,99
77,02
75,84
71,96
57,65
50
49,08
49,06
49,04
49,07
63,09
72,29
75,99
73
56,57
49,02
44,57
47,03
44,07
42,32
42,12
45,02
49,3
66,89
75,7
75,94
73,56
65
53,26
46,34
45,81
45,59
47,56
52
66,95
75,01
79,65
78,89
69,46
58,74
47,23
54,48
43,82
32,58
31,95
28,81
34,89
54,8
64,99
62,54
46,48
32,03
32,54
28,79
26,48
26,98
31,59
28,72
40,07
53,82
64,92
59,07
40,03
31,76
27,04
17,3
14,14
2,48
2,39
22,1
25,72
27,37
32,89
33,93
31,68
27,14
27,13
1,79
-6,74
-6,79
-0,02
23,89
32,31
54,97
63,99
61,11
47,08
40,05
33,91
28,85
35,05
37,67
37,47
37,44
36,08
36,09
43,14
55,1
58,15
61,99
64
61,98
56,06
47,64
40,23
37,24
40,54
54,13
50,3
48,61
35,13
31,55
25,17
26,15
18,58
3,97
4,4
19,69
29,99
46,03
57,98
50,86
40,85
35,42
30,14
29,97
28,75
27,57
32,74
29,97
49,32
62,98
76,94
67,98
60,89
55,86
46,09
41,16
43,45
44,28
44,96
44,49
54,09
67,53
76,93
75,01
68,61
65,35
66,99
60,88
55,86
56,9
60,03
64,31
71,45
77,2
89,01
79,73
74,39
63,53
50,01
44,05
42,14
34,04
29,84
32,1
43,01
57,08
64,3
62,98
52,92
46,11
38,05
32,94
31,98
30,82
34,78
37,75
52,09
64,9
69
59,18
48,08
43,08
37,84
32,99
32,47
38,04
38,05
38,03
47,09
66,4
73,97
71,82
64,96
59,93
54,57
47,05
44,37
46,3
46,19
53,91
62,85
73,04
78,26
71,96
59,97
47,58
43,54
42,92
43,18
42,98
42,96
44,52
44,01
63,13
72,37
76,97
68,96
58,18
51,96
48,02
43,28
43,01
43,07
39,44
48,37
59,92
65,62
60,46
52,92
45,68
45,3
43,97
43,5
43,52
43,51
43,54
46,39
54,4
55,38
59,9
54,94
43,56
40,29
36,1
32,84
27,26
33,36
36,57
52,64
60,04
68,91
59,91
54,58
47,72
32,93
36,19
24,98
27,98
28,78
27,95
27,18
34,18
40,02
36,53
37,63
32,06
31,14
30,91
29,32
26,73
33,92
39,12
55,8
64,62
74,21
71,31
65,31
65,08
60,87
59,53
56,1
51,41
47,38
47,59
51,61
69,13
77,32
84,97
79,56
73,7
71,63
63,15
60,24
56,18
53
53,37
60,42
69,93
75
65,83
53,86
46,46
42,5
45,1
44,1
44,06
43,77
44,29
48,13
57,7
68,21
70,36
54,53
48,49
46,19
44,15
30,79
27,75
30,74
26,77
38,68
48,52
49,03
45,43
32,04
26,22
1,08
2,13
0,1
0,05
0,07
-0,08
-0,09
-4,97
-0,06
0,7
0,91
-0,03
0,03
-0,04
0
0,03
5,75
20,28
43,2
63,23
71,44
67,95
56,88
62,85
48,72
53,24
46,1
45,6
46,88
47,53
50,88
74,69
80,15
81
82,09
78,96
75,34
63,05
54,49
54,4
57,61
66,96
77,23
80,25
88,08
80,67
72,22
53,98
52,25
49,57
51,16
48,91
47,36
48,28
54,18
63,62
78,87
79,74
74,5
55,42
50,21
46,64
50,72
48,24
48,55
54,98
74,99
78,66
82,96
79,9
65,08
59,86
54,7
50,1
52,98
51,52
51
50
46,91
53,03
62,37
63,98
70,72
64,79
59,06
58
51,51
50,2
49,23
54,81
59,93
72,06
82,27
70,6
61,39
57,02
46,46
50,49
47,11
45,75
43,02
42,5
43,8
44,6
46,56
50,71
55,98
55,09
55,13
54,06
50,9
49,91
49,05
50,21
55,48
70
80,94
77,07
71,47
68,3
59,91
55,59
50,3
50,16
47,32
47,94
51,14
62,79
79,98
82,42
81,58
66,89
52,06
51,57
49,96
52,07
52,81
61,52
74,9
85,37
102,01
85,77
78,1
58,01
52,95
56,77
57,43
55,11
52,35
54,86
57,99
74,27
91,37
96,68
91,95
82,54
64,7
54,31
53,35
55,64
62,41
68,97
83,2
90
110,28
92,55
80,51
69,76
60,56
53,7
55,13
54,88
54,05
54,64
55,46
72,16
88
93,22
86,84
80,81
73,69
55,27
53,61
51,99
53,68
57,47
69,3
70,68
72,88
53,71
51,18
46,74
33,04
35,01
31,71
29,97
30,05
35,85
44,08
49,98
72,96
71,52
59,8
49,21
48,61
47,02
46,9
49,25
59,95
65,06
72,85
81,3
88,5
76,34
58,62
52,04
47,86
45,85
45,88
45,6
45,64
45,8
49,64
56,65
69,87
71,47
69,71
69,52
61,95
49,25
48,75
47,84
53,32
56,95
67,32
69,94
79,08
65
53,58
50
43,88
47,8
43,97
42,08
39,14
42,74
43,91
48,34
58,18
62,9
62,43
52,55
44,05
37,4
34,1
31,95
37,42
50,23
60,46
64,54
55,85
40,59
31,52
24,72
20,29
20,76
21,44
20,89
19,52
20,72
20,79
22,07
25,86
27,69
26,71
26,94
25,76
20,73
20,75
13,92
19,54
20,74
42,82
56,56
68,09
40,54
32,9
31,32
27
34,93
30,86
29,05
30,06
33
42
60,02
79,38
79,05
74,72
62,39
52,89
48,52
49,82
51,45
55,26
71,86
80,28
90
107,32
75,31
70,49
59,05
59,07
56,06
53,55
52,01
51
52,2
57,02
77,73
86,98
95,01
86,02
78,82
75,93
70,91
69,36
68,61
69,19
74,04
80,95
89,97
105,12
84,96
76,02
59,99
56,5
55,01
52,33
50,33
50
51,52
55,75
73,6
88,77
89,99
87,6
80,48
74,24
59,75
57,85
60,01
70,81
79,94
82,94
89,94
112,66
86,14
75,57
58,46
58,16
55,35
53,36
50,75
48,88
48,9
52,32
61,06
79,86
82,99
80,97
74,59
61,52
55,28
55,04
55,12
55,28
60,45
71,69
80,15
83,86
75,48
60,07
58,76
54,21
52,47
51,85
50,61
49,96
50,25
54,34
72,63
80,96
84,09
84,28
81,94
75,19
69,16
62,72
60,29
60,92
70,63
80,71
81,96
83,95
79,48
68,95
59,99
55,38
64,75
56,55
53,01
51,28
50,75
49,97
52,4
56,03
61,97
70,93
66,39
61,54
54,48
50,86
50,6
51,71
54,99
61,24
75,8
79,95
71,69
62,29
60,01
55,9
53,26
48,02
48,07
50,5
50,33
50,5
52,02
56,03
59
61,03
60,94
60,79
51,63
47,02
47,51
44,97
52,06
58,58
68,95
74,94
70,1
57,94
59,9
48,08
46,35
46,32
43,21
39,75
41,81
45,53
59,32
75,18
76,39
69,86
58,21
54,46
47,02
46
46,37
49,01
55,8
68,82
78,91
82,65
69,02
53,58
50,69
42,86
45,65
28,85
30,94
30,09
24,99
30,96
41,21
43,54
43,66
43,1
42,83
41,99
39,92
38,78
40,52
34,98
28,15
34,98
35,09
39,95
32,13
30,07
22,53
6,03
4,07
0,98
0,04
0,97
10,05
19,55
42,57
51,48
52,89
53,17
53,19
54,88
51,71
53,66
55,85
62,31
64,7
66,24
75,16
80,75
64,55
57,16
51,6
42,2
41,93
30,66
29,58
26,49
25,59
30,83
44,59
55,06
58,97
54,51
47,29
46,71
44,52
43,92
44,12
45,2
50,38
64,69
74,08
74,18
66,09
59,26
59,09
52,02
47,81
49,97
48,25
47,9
50,1
54,23
68,65
77,55
82,28
78,89
75,22
69,09
57,2
50,46
47,85
49,17
55,27
67,37
71,01
65,98
56,68
49,95
43,79
39,96
30,55
25,52
25,14
27,86
24,39
30,11
37,43
46,51
47,13
50,24
50,7
48,9
50,86
50,23
55,28
58,74
58,96
69,74
79,72
76,25
61,16
54,45
50,19
44,92
44,53
43,58
41,62
41,59
40,12
39,05
40,34
39,95
42,7
45,83
47,97
47
46,87
46,25
42,64
41,31
45,58
47,2
48,37
47,94
46,3
45
44,27
42,58
27,93
23
24,25
23,45
24,27
25,32
30,83
51,33
64,34
62,56
56,55
58,34
55,93
55,94
53,94
52,69
50
52,23
56,22
48,68
45,63
45,64
40,75
30,33
23,16
26,02
20,09
18,65
19,13
19,15
22,11
33,68
44,89
44,81
35,89
30,51
30,37
29,95
34,55
42,78
45,75
45,43
46,36
46,12
44,91
44,02
32,02
29,3
21,66
20,64
16,61
17,22
21,2
26,18
25,78
44,09
44,94
44,82
44,19
43,83
44,04
45,22
49,18
61,65
69,16
75,45
82,07
74,02
62,2
50,08
44,42
41,29
35,06
40,86
41,1
40,59
40,09
39,11
39,07
38,03
43,4
45,33
45,05
45,37
45,91
50,15
55,37
53,07
53,09
50,38
62,99
70,69
65
53,98
45,8
44,63
40,86
42,22
40,98
40,8
40,55
40,82
45,06
48,41
54,12
59,9
54,06
50,22
50,03
50,65
54,98
63,07
66,03
70,99
81,09
78,96
72,01
59,09
52,15
49,84
48,42
46,51
46,04
44,55
44,65
44,71
44,81
50,01
55,84
61,5
65,03
63,36
56,3
50,36
48,79
48,87
56,84
61,41
69,58
62,24
54,45
45,67
43,74
42,33
41,44
42,44
42,06
41,9
41,19
41,04
41,34
41,95
43,13
45,48
48,26
46,76
51,06
48,82
46,01
45,87
51,01
52,3
62,99
67,17
57,69
48,04
45
44,78
42,93
40,54
42,66
43,13
41,72
40,58
42,53
54,22
67,64
69,91
67,5
68,28
68,31
65,83
67,17
68,21
70,94
69,8
68,81
59,33
58,57
53,9
50,84
48,18
44,06
46,37
46,12
44,78
43,53
43,93
48,18
57,1
67,95
70,1
68,25
64,72
63,86
60,73
62,41
63,14
64,34
66,89
74,68
72,94
70,97
59,26
52
47,99
44,95
44,51
43,53
41,59
40,64
41,77
43,77
50,79
61,99
64,18
63,01
61,56
58,36
58,35
60,03
62,94
65,61
67,7
70,99
68,61
66,05
62,82
49,3
51,23
44,86
45
44,83
44,31
44,33
44,57
46,78
56,92
67
68,95
68,82
67,71
67,43
64,97
65,67
67,49
68,49
72,63
92,18
90,06
75,82
69,07
62,63
59,32
53,91
50,77
50,6
48,12
47,64
47,84
51
62,16
69,06
72,56
66,3
67,69
65,99
63,75
62,15
62,84
64,81
67,4
69,72
68,16
66,44
60,42
52,94
47,28
42,71
42,69
40,49
38,79
38,92
38,2
38,23
38,78
40,31
42,71
43,23
43,69
43,75
43,74
42,87
45,07
49,31
49,44
50,91
49,75
47,78
42,93
41,21
41,19
39,58
34,58
30,67
37,93
35,84
34,05
34,15
33,96
37,98
40,05
41,26
42,08
42,25
41,14
38,59
40,41
42,38
44,75
46,51
45,12
43,85
43,04
41,64
42,67
38,58
36,1
37,8
38,33
39,2
38,57
43,54
64,68
69,87
68,71
61,15
58,71
54,76
63,58
65,07
67,05
67,87
67,63
66,76
63,48
59,16
51,64
46,9
45,34
41,81
44,54
46,31
45,31
44,88
46,03
47,28
62,14
67,91
69,89
64,69
64,2
54,43
48,52
47,91
48,31
49,94
52,75
64,3
62,16
57,97
49,23
46,69
45,52
43,68
43,14
43,13
43,15
45,28
45,78
48,52
60,08
69,75
71,04
69,87
67,14
66,03
62,23
64,18
65,9
70,1
73,98
83,47
80,13
74,9
68,88
63
54,85
50,3
51,67
50,8
51,27
50,29
51,03
53,17
65,05
73,16
74,44
73,27
70
68,4
67,19
67,51
68,43
73,1
74,47
79,7
73,1
70,35
61,38
53,52
53,06
49,14
46,42
49,67
48,14
48,91
49,11
50,4
63,48
68,32
72,64
68,76
69,17
63,5
60,19
63,35
66,86
68,04
69,97
67,76
58,41
52,03
46,53
45,77
45,23
43,8
43,71
38,43
43,81
42,03
42,87
41,16
44,22
46,19
46,17
46,9
46,82
46,9
46,4
46,4
46,89
52,83
59,66
58,2
60,62
58,12
51,62
48,18
53,45
45,39
46,23
43,86
42,94
43,93
44,28
43,38
45,33
49,07
47,5
49,42
47,96
48,4
50,15
48,28
48,4
51,59
51,67
53,67
53,18
49,52
46,96
46,15
46,47
44,16
40,82
41,71
38,57
38,95
41,55
44,72
48,08
55,01
54,99
54,12
52,28
52,7
51,5
51,59
52,16
53,64
53,63
56,43
53,11
51,56
47,17
45,1
42,44
35,33
25,01
33
29,85
30,8
31,66
32,02
45,26
51,74
51,66
49,78
48,94
48,78
48,44
49,05
50,11
56,55
60,78
67,95
58,47
52,85
54
50,06
48,28
44,65
44,52
42,83
42,43
42,17
43,22
44,42
50,74
57,31
58,99
54,2
55,75
58,25
58,26
59,56
69,74
66,6
69,99
70,94
67,04
61,16
59,9
51,65
50,41
48,53
49,34
49,73
48,81
50,66
53,63
50,68
66,98
82,93
82
87,4
84
92,93
90,87
95,16
95,53
94,37
103
128,26
109,94
84,08
80,1
70,45
60,69
55,74
59,63
57,36
55
55,98
52,89
59,53
73,01
95
106
98
97,17
98,93
98,28
94,9
93,6
94,43
97,09
109,2
96,02
86,11
75,56
63,48
58,66
52,12
63,03
55,3
52,03
52,83
50,36
50,13
50,36
53,35
63,17
72,2
73,49
73,17
73,01
66,93
64,57
65,04
68,11
74,5
70,8
71,79
61,97
56,21
55,04
49,31
51,94
49,86
50,34
48,46
48,07
48,07
49,09
47,97
54,16
59,06
60,84
63,26
52,96
49,87
58,76
50,93
61,47
67,65
65,45
52,95
52,45
50,19
50,62
47,88
49,45
47,91
46,42
45,07
44,8
48,8
56,94
79,27
83,08
81,21
80,25
86,99
86,93
92,42
94,74
95
100,02
105,02
94,05
85
77,61
70,96
59,92
56,19
54,18
52,55
52,57
51,01
51,55
54,97
71,9
93,03
100
99
93,37
95
88,98
88,21
85,99
86,94
87,19
98,27
92,43
82,76
70,16
57,55
54,43
50,09
48,97
47,57
47,01
46,28
46,73
48,95
55,78
67,76
70
65,29
55,22
53,54
52,88
52,88
53,21
57,25
60,73
62,25
51,63
50,42
47,79
46,21
44,91
38,47
40,95
36,84
35,1
37,57
39,94
43,69
52,51
59,71
61,87
53,75
57,96
56,55
55,8
56,56
55,67
56,67
57,09
59,36
58,7
55,68
47,88
45,63
43,78
40,31
36,13
37,68
37,53
37,86
39,51
43,05
50,52
66,84
68,02
68,03
68,19
67,98
67,2
67,24
65,3
64,95
67,24
72,34
68,92
63,5
66,27
57,55
53,91
44,29
44,33
42,09
42,03
42,05
44,56
43,37
42,89
45,6
53,91
61,23
57,39
58,4
58,15
51,88
51,02
52,3
51,23
58,35
49,6
45,37
37,55
32,05
34,35
25
30,26
24,35
22,58
21,22
20,82
19,65
17,07
20,86
24,38
30,76
36,96
39,11
39,16
36,27
31,76
30,54
30,31
38,37
38,39
36,28
36,86
33,41
37,04
28,37
21,56
21,25
21,56
21,2
20,64
25,96
47,66
53,67
53,69
51,23
49,58
49,3
49,2
49,33
49,69
55,58
52,17
60,04
64,89
61,6
55,46
47,56
46,03
41,95
36,22
31,54
31,06
27,97
31,88
39,87
47,76
49,4
54,99
49,84
48,81
47,03
46,61
47,18
50,97
61,79
65,23
70,84
72,43
70,36
68,14
60,9
53,87
50,88
48,7
46,95
47,1
46,33
47,08
47,08
57,08
67,03
69,94
68,17
68,66
68,79
67,06
67,78
68,7
68,77
67,54
69,45
68,09
63,03
53,41
49,21
48,57
46,54
41,01
42,26
41,74
41,98
42,07
47,7
54,04
64,04
67,17
66,95
67,29
67,07
66,11
65,23
64,23
60,85
61,99
58,55
55,84
53,18
51,06
49,08
46,62
37,87
35,83
32,17
29,88
28,59
26,43
33,44
48,57
61,13
59,95
54,5
53,23
52,8
51,69
49,79
48,04
46,03
48,06
49
48,53
47,22
40,49
32,47
27,18
16,85
10,56
6,53
1,34
-0,08
0,06
0,09
1,71
15,74
15,88
12,39
6,91
10,45
19,03
19,6
20,25
20,97
20,94
20,81
25,46
21,05
15,84
0,05
10,69
8,5
-0,78
-1,72
-8,48
-5,08
-9
-6,21
-16,62
-10,93
-4,74
8,33
20,51
25,62
25,21
20,52
19,39
19,33
17,79
21,39
30,93
19,44
11,69
3,74
19,49
14,19
4,96
2,19
0,12
0,91
0,06
21,17
44,51
55,97
51,18
52,48
48,89
39,49
38,09
43,21
47,94
51,3
50,59
50,68
49,14
49,39
47,73
39,63
39,59
38,65
35,64
31,87
35,26
35,03
33,49
33,02
44,63
52,66
57,62
54,06
53,55
59,75
62,73
65,06
65,91
67,65
69,93
81,36
75,93
70,74
68,04
64,07
58,48
52,4
50,02
48,7
49,01
48,28
48,69
52,29
66,47
85,05
90,12
89,68
86,88
81,06
75,95
76,41
79,41
82,24
82,18
89,86
83,45
77,27
69,99
61,9
52,6
50,43
52,89
50,56
49,75
49,04
48,24
50,91
61,5
75,96
76,49
75,9
75,37
74
72,98
72,98
74,4
78,77
81,33
88,71
77,24
77,5
60,78
54,29
58,32
51,92
49,69
48,83
48,39
48,94
49,69
54,13
64,98
77,75
90,08
88,93
83,9
84,33
83,3
81,81
83,3
83,04
84,84
97,29
83,35
75,65
72,51
60,79
59,42
52,88
58,07
52,83
52,12
52,74
51,25
50,78
51,07
52,21
54,76
68,4
66,98
68,93
64,95
58,71
55,35
53,89
53,66
60,32
52,87
48,29
50,3
46,92
43,64
36,72
36,96
38,81
38,1
38,58
38,23
38,42
38,41
37,08
42,76
47,42
47,59
50,55
55,87
54,24
52,25
53,58
58,45
67,01
71,1
64,95
61,61
60,6
50,63
49,82
52,08
50,08
49,92
49,05
49,47
52,03
65,15
78,1
83,7
83,76
82
80,96
79,02
79,01
79,03
78,98
79,05
80,9
81,38
79
75,04
66,6
58,12
52,95
51,16
51,02
49,83
48,93
49
51,03
58,81
71,23
74,63
72,04
69,68
68,57
66,12
66,43
66,87
66,15
65,9
67,14
61,05
55,07
53,53
50,26
48,42
43,81
40,02
37,97
37,03
35,14
39,91
42,41
47,3
52,45
56,37
57,97
58,35
69,7
69,19
69,89
69,76
69,03
69,35
69,63
69,8
69,08
66,96
55,58
51,63
50,08
47,62
48,18
48,35
47,5
47,72
47,19
54,37
66,29
68,49
68,4
66,6
66,53
64,8
64,79
64,07
64,33
60,78
57,97
57,73
55,75
49,6
47,79
49,83
45,85
45,76
45,03
42,9
38,03
39,98
42,8
47,55
62,77
62,81
56,91
58,12
59,31
61,93
56,34
54,34
52,8
53,19
54,42
53,13
49,71
45,33
40,03
37,73
30,06
-5,36
3,57
-0,06
-0,1
-0,77
9,32
16,58
34,56
45,36
47,92
48,44
53,08
51,92
52,61
51,97
53,78
55,04
56,52
57,07
58,4
51,92
50,11
47,08
39,94
43,33
32,1
28,34
24,72
23
14,81
12,03
24,01
29,9
39,16
40,38
46,14
49,59
48
46,39
51,6
55,99
63,36
64,8
64,72
60,92
53,99
54,42
52,32
43,01
39,93
36,85
33,17
34,37
38,04
39,99
49,09
52,9
53,39
53,1
52,88
52,97
52,46
52,44
52,9
53,24
52,61
51,31
50,74
49,76
48,53
48,38
31,88
23,79
0,09
-0,04
7,94
12,48
0,72
-7,3
-5,68
20,34
24,85
14,93
24,68
26,49
5,81
3,91
17,99
25,4
29,49
41,79
42,4
42,53
36,23
39,94
27,4
25,04
24,57
21,71
23,68
20,99
28,51
28,99
46,48
49,35
51,1
53,14
54,88
54,25
51,81
51,33
51,92
58,13
66,59
68,42
69,8
62,3
59,93
62,34
52,4
47,41
47,1
46,74
45,03
46,02
49,18
51,03
58,89
64,96
64,61
59,01
58,45
66,14
65
65,51
68,11
69,22
70,74
71,97
71,25
70
62,56
64,62
56,81
50,04
50
49,19
48,51
48,07
49,82
52,03
62,63
65,77
67,1
66,27
66,36
63,42
63,92
64,64
63,35
66,01
67,98
70,16
68,93
66
59,91
54
51,01
56,69
49,87
48,9
47,15
46,79
47,21
48,01
50,02
52,26
60,41
62,01
60,09
58,97
54,91
51,14
50,79
51,28
52,89
52
48,35
39,76
25,45
24,84
-3,71
13,75
0,02
5,88
2,09
1,36
-9,9
-16,77
-19,43
30,94
42,1
49,54
51,16
51,16
49,64
46,19
47,64
48,33
58,4
62,43
62,94
62,42
54,28
55,63
55
50,94
49,57
48,32
45,89
45,47
47,11
49,12
53,79
57,47
61,52
62,64
64,56
65,01
63,91
59,68
56,6
63,28
68,01
66,98
58,28
50,01
45,06
48,93
30,31